32 -8 8 -64 -64/
33 -5 5 0 -12 -1 -10 0 2 1 -10 0 -12 -64 0 0 -10 0 -4 -64 0 0 7 -1 8 0 9 1 8 0 7 -64 -64/
34 -8 8 -4 -12 -5 -5 -64 0 -3 -12 -5 -5 -64 0 4 -12 3 -5 -64 0 5 -12 3 -5 -64 -64/
35 -10 11 1 -12 -6 16 -64 0 7 -12 0 16 -64 0 -6 -1 8 -1 -64 0 -7 5 7 5 -64 -64/
36 -10 10 -2 -16 -2 13 -64 0 2 -16 2 13 -64 0 6 -9 5 -8 6 -7 7 -8 7 -9 5 -11 2 -12 -2 -12 -5 -11 -7 -9 -7 -7 -6 -5 -5 -4 -3 -3 3 -1 5 0 7 2 -64 0 -7 -7 -5 -5 -3 -4 3 -2 5 -1 6 0 7 2 7 6 5 8 2 9 -2 9 -5 8 -7 6 -7 5 -6 4 -5 5 -6 6 -64 -64/
37 -12 12 9 -12 -9 9 -64 0 -4 -12 -2 -10 -2 -8 -3 -6 -5 -5 -7 -5 -9 -7 -9 -9 -8 -11 -6 -12 -4 -12 -2 -11 1 -10 4 -10 7 -11 9 -12 -64 0 5 2 3 3 2 5 2 7 4 9 6 9 8 8 9 6 9 4 7 2 5 2 -64 -64/
38 -12 13 9 -4 8 -3 9 -2 10 -3 10 -4 9 -5 8 -5 7 -4 6 -2 4 3 2 6 0 8 -2 9 -5 9 -8 8 -9 6 -9 3 -8 1 -2 -3 0 -5 1 -7 1 -9 0 -11 -2 -12 -4 -11 -5 -9 -5 -7 -4 -4 -2 -1 3 6 5 8 8 9 9 9 10 8 10 7 -64 0 -5 9 -7 8 -8 6 -8 3 -7 1 -5 -1 -64 0 -5 -7 -4 -5 4 6 6 8 8 9 -64 -64/
39 -4 4 0 -12 -1 -5 -64 0 1 -12 -1 -5 -64 -64/
40 -7 7 4 -16 2 -14 0 -11 -2 -7 -3 -2 -3 2 -2 7 0 11 2 14 4 16 -64 0 2 -14 0 -10 -1 -7 -2 -2 -2 2 -1 7 0 10 2 14 -64 -64/
41 -7 7 -4 -16 -2 -14 0 -11 2 -7 3 -2 3 2 2 7 0 11 -2 14 -4 16 -64 0 -2 -14 0 -10 1 -7 2 -2 2 2 1 7 0 10 -2 14 -64 -64/
42 -8 8 0 -12 0 0 -64 0 -5 -9 5 -3 -64 0 5 -9 -5 -3 -64 -64/
43 -13 13 0 -9 0 9 -64 0 -9 0 9 0 -64 -64/
44 -5 5 0 9 -1 8 0 7 1 8 1 10 0 12 -1 13 -64 -64/
45 -13 13 -9 0 9 0 -64 -64/
46 -5 5 0 7 -1 8 0 9 1 8 0 7 -64 -64/
47 -11 11 9 -16 -9 16 -64 -64/
48 -10 10 -1 -12 -4 -11 -6 -8 -7 -3 -7 0 -6 5 -4 8 -1 9 1 9 4 8 6 5 7 0 7 -3 6 -8 4 -11 1 -12 -1 -12 -64 0 -1 -12 -3 -11 -4 -10 -5 -8 -6 -3 -6 0 -5 5 -4 7 -3 8 -1 9 -64 0 1 9 3 8 4 7 5 5 6 0 6 -3 5 -8 4 -10 3 -11 1 -12 -64 -64/
49 -10 10 -4 -8 -2 -9 1 -12 1 9 -64 0 0 -11 0 9 -64 0 -4 9 5 9 -64 -64/
50 -10 10 -6 -8 -5 -7 -6 -6 -7 -7 -7 -8 -6 -10 -5 -11 -2 -12 2 -12 5 -11 6 -10 7 -8 7 -6 6 -4 3 -2 -2 0 -4 1 -6 3 -7 6 -7 9 -64 0 2 -12 4 -11 5 -10 6 -8 6 -6 5 -4 2 -2 -2 0 -64 0 -7 7 -6 6 -4 6 1 8 4 8 6 7 7 6 -64 0 -4 6 1 9 5 9 6 8 7 6 7 4 -64 -64/
51 -10 10 -6 -8 -5 -7 -6 -6 -7 -7 -7 -8 -6 -10 -5 -11 -2 -12 2 -12 5 -11 6 -9 6 -6 5 -4 2 -3 -1 -3 -64 0 2 -12 4 -11 5 -9 5 -6 4 -4 2 -3 -64 0 2 -3 4 -2 6 0 7 2 7 5 6 7 5 8 2 9 -2 9 -5 8 -6 7 -7 5 -7 4 -6 3 -5 4 -6 5 -64 0 5 -1 6 2 6 5 5 7 4 8 2 9 -64 -64/
52 -10 10 2 -10 2 9 -64 0 3 -12 3 9 -64 0 3 -12 -8 3 8 3 -64 0 -1 9 6 9 -64 -64/
53 -10 10 -5 -12 -7 -2 -64 0 -7 -2 -5 -4 -2 -5 1 -5 4 -4 6 -2 7 1 7 3 6 6 4 8 1 9 -2 9 -5 8 -6 7 -7 5 -7 4 -6 3 -5 4 -6 5 -64 0 1 -5 3 -4 5 -2 6 1 6 3 5 6 3 8 1 9 -64 0 -5 -12 5 -12 -64 0 -5 -11 0 -11 5 -12 -64 -64/
54 -10 10 5 -9 4 -8 5 -7 6 -8 6 -9 5 -11 3 -12 0 -12 -3 -11 -5 -9 -6 -7 -7 -3 -7 3 -6 6 -4 8 -1 9 1 9 4 8 6 6 7 3 7 2 6 -1 4 -3 1 -4 0 -4 -3 -3 -5 -1 -6 2 -64 0 0 -12 -2 -11 -4 -9 -5 -7 -6 -3 -6 3 -5 6 -3 8 -1 9 -64 0 1 9 3 8 5 6 6 3 6 2 5 -1 3 -3 1 -4 -64 -64/
55 -10 10 -7 -12 -7 -6 -64 0 -7 -8 -6 -10 -4 -12 -2 -12 3 -9 5 -9 6 -10 7 -12 -64 0 -6 -10 -4 -11 -2 -11 3 -9 -64 0 7 -12 7 -9 6 -6 2 -1 1 1 0 4 0 9 -64 0 6 -6 1 -1 0 1 -1 4 -1 9 -64 -64/
56 -10 10 -2 -12 -5 -11 -6 -9 -6 -6 -5 -4 -2 -3 2 -3 5 -4 6 -6 6 -9 5 -11 2 -12 -2 -12 -64 0 -2 -12 -4 -11 -5 -9 -5 -6 -4 -4 -2 -3 -64 0 2 -3 4 -4 5 -6 5 -9 4 -11 2 -12 -64 0 -2 -3 -5 -2 -6 -1 -7 1 -7 5 -6 7 -5 8 -2 9 2 9 5 8 6 7 7 5 7 1 6 -1 5 -2 2 -3 -64 0 -2 -3 -4 -2 -5 -1 -6 1 -6 5 -5 7 -4 8 -2 9 -64 0 2 9 4 8 5 7 6 5 6 1 5 -1 4 -2 2 -3 -64 -64/
57 -10 10 6 -5 5 -2 3 0 0 1 -1 1 -4 0 -6 -2 -7 -5 -7 -6 -6 -9 -4 -11 -1 -12 1 -12 4 -11 6 -9 7 -6 7 0 6 4 5 6 3 8 0 9 -3 9 -5 8 -6 6 -6 5 -5 4 -4 5 -5 6 -64 0 -1 1 -3 0 -5 -2 -6 -5 -6 -6 -5 -9 -3 -11 -1 -12 -64 0 1 -12 3 -11 5 -9 6 -6 6 0 5 4 4 6 2 8 0 9 -64 -64/
58 -5 5 0 -5 -1 -4 0 -3 1 -4 0 -5 -64 0 0 7 -1 8 0 9 1 8 0 7 -64 -64/
59 -5 5 0 -5 -1 -4 0 -3 1 -4 0 -5 -64 0 0 9 -1 8 0 7 1 8 1 10 0 12 -1 13 -64 -64/
60 -12 12 8 -9 -8 0 8 9 -64 -64/
61 -13 13 -9 -3 9 -3 -64 0 -9 3 9 3 -64 -64/
62 -12 12 -8 -9 8 0 -8 9 -64 -64/
63 -9 9 -5 -8 -4 -7 -5 -6 -6 -7 -6 -8 -5 -10 -4 -11 -2 -12 1 -12 4 -11 5 -10 6 -8 6 -6 5 -4 4 -3 0 -1 0 2 -64 0 1 -12 3 -11 4 -10 5 -8 5 -6 4 -4 2 -2 -64 0 0 7 -1 8 0 9 1 8 0 7 -64 -64/
64 -13 14 5 -4 4 -6 2 -7 -1 -7 -3 -6 -4 -5 -5 -2 -5 1 -4 3 -2 4 1 4 3 3 4 1 -64 0 -1 -7 -3 -5 -4 -2 -4 1 -3 3 -2 4 -64 0 5 -7 4 1 4 3 6 4 8 4 10 2 11 -1 11 -3 10 -6 9 -8 7 -10 5 -11 2 -12 -1 -12 -4 -11 -6 -10 -8 -8 -9 -6 -10 -3 -10 0 -9 3 -8 5 -6 7 -4 8 -1 9 2 9 5 8 7 7 8 6 -64 0 6 -7 5 1 5 3 6 4 -64 -64/
65 -10 10 0 -12 -7 9 -64 0 0 -12 7 9 -64 0 0 -9 6 9 -64 0 -5 3 4 3 -64 0 -9 9 -3 9 -64 0 3 9 9 9 -64 -64/
66 -11 11 -6 -12 -6 9 -64 0 -5 -12 -5 9 -64 0 -9 -12 7 -12 7 -6 6 -12 -64 0 -5 -2 3 -2 6 -1 7 0 8 2 8 5 7 7 6 8 3 9 -9 9 -64 0 3 -2 5 -1 6 0 7 2 7 5 6 7 5 8 3 9 -64 -64/
67 -11 11 -6 -12 -6 9 -64 0 -5 -12 -5 9 -64 0 -9 -12 3 -12 6 -11 7 -10 8 -8 8 -6 7 -4 6 -3 3 -2 -64 0 3 -12 5 -11 6 -10 7 -8 7 -6 6 -4 5 -3 3 -2 -64 0 -5 -2 3 -2 6 -1 7 0 8 2 8 5 7 7 6 8 3 9 -9 9 -64 0 3 -2 5 -1 6 0 7 2 7 5 6 7 5 8 3 9 -64 -64/
68 -9 9 -4 -12 -4 9 -64 0 -3 -12 -3 9 -64 0 -7 -12 8 -12 8 -6 7 -12 -64 0 -7 9 0 9 -64 -64/
69 -12 12 -4 -12 -4 -6 -5 2 -6 6 -7 8 -8 9 -64 0 6 -12 6 9 -64 0 7 -12 7 9 -64 0 -7 -12 10 -12 -64 0 -11 9 10 9 -64 0 -11 9 -11 16 -64 0 -10 9 -11 16 -64 0 9 9 10 16 -64 0 10 9 10 16 -64 -64/
70 -11 10 -6 -12 -6 9 -64 0 -5 -12 -5 9 -64 0 1 -6 1 2 -64 0 -9 -12 7 -12 7 -6 6 -12 -64 0 -5 -2 1 -2 -64 0 -9 9 7 9 7 3 6 9 -64 -64/
71 -15 16 0 -12 0 9 -64 0 1 -12 1 9 -64 0 -3 -12 4 -12 -64 0 -11 -11 -10 -10 -11 -9 -12 -10 -12 -11 -11 -12 -10 -12 -9 -11 -8 -9 -7 -5 -6 -3 -4 -2 5 -2 7 -3 8 -5 9 -9 10 -11 11 -12 12 -12 13 -11 13 -10 12 -9 11 -10 12 -11 -64 0 -4 -2 -6 -1 -7 1 -8 6 -9 8 -10 9 -64 0 -4 -2 -5 -1 -6 1 -7 6 -8 8 -9 9 -11 9 -12 8 -13 6 -64 0 5 -2 7 -1 8 1 9 6 10 8 11 9 -64 0 5 -2 6 -1 7 1 8 6 9 8 10 9 12 9 13 8 14 6 -64 0 -3 9 4 9 -64 -64/
72 -10 10 -6 -9 -7 -12 -7 -6 -6 -9 -4 -11 -2 -12 2 -12 5 -11 6 -9 6 -6 5 -4 2 -3 -1 -3 -64 0 2 -12 4 -11 5 -9 5 -6 4 -4 2 -3 -64 0 2 -3 4 -2 6 0 7 2 7 5 6 7 5 8 2 9 -3 9 -5 8 -6 7 -7 5 -7 4 -6 3 -5 4 -6 5 -64 0 5 -1 6 2 6 5 5 7 4 8 2 9 -64 -64/
73 -12 12 -7 -12 -7 9 -64 0 -6 -12 -6 9 -64 0 6 -12 6 9 -64 0 7 -12 7 9 -64 0 -10 -12 -3 -12 -64 0 3 -12 10 -12 -64 0 6 -10 -6 7 -64 0 -10 9 -3 9 -64 0 3 9 10 9 -64 -64/
74 -12 12 -7 -12 -7 9 -64 0 -6 -12 -6 9 -64 0 6 -12 6 9 -64 0 7 -12 7 9 -64 0 -10 -12 -3 -12 -64 0 3 -12 10 -12 -64 0 6 -10 -6 7 -64 0 -10 9 -3 9 -64 0 3 9 10 9 -64 0 -4 -18 -4 -19 -5 -19 -5 -18 -4 -16 -2 -15 2 -15 4 -16 5 -18 -64 -64/
75 -12 12 -7 -12 -7 9 -64 0 -6 -12 -6 9 -64 0 -10 -12 -3 -12 -64 0 -6 -2 1 -2 3 -3 4 -5 5 -9 6 -11 7 -12 8 -12 9 -11 9 -10 8 -9 7 -10 8 -11 -64 0 1 -2 3 -1 4 1 5 6 6 8 7 9 -64 0 1 -2 2 -1 3 1 4 6 5 8 6 9 8 9 9 8 10 6 -64 0 -10 9 -3 9 -64 -64/
76 -13 12 -5 -12 -5 -6 -6 2 -7 6 -8 8 -9 9 -10 9 -11 8 -11 7 -10 6 -9 7 -10 8 -64 0 6 -12 6 9 -64 0 7 -12 7 9 -64 0 -8 -12 10 -12 -64 0 3 9 10 9 -64 -64/
77 -12 13 -7 -12 -7 9 -64 0 -6 -12 0 6 -64 0 -7 -12 0 9 -64 0 7 -12 0 9 -64 0 7 -12 7 9 -64 0 8 -12 8 9 -64 0 -10 -12 -6 -12 -64 0 7 -12 11 -12 -64 0 -10 9 -4 9 -64 0 4 9 11 9 -64 -64/
78 -12 12 -7 -12 -7 9 -64 0 -6 -12 -6 9 -64 0 6 -12 6 9 -64 0 7 -12 7 9 -64 0 -10 -12 -3 -12 -64 0 3 -12 10 -12 -64 0 -6 -2 6 -2 -64 0 -10 9 -3 9 -64 0 3 9 10 9 -64 -64/
79 -11 11 -1 -12 -4 -11 -6 -9 -7 -7 -8 -3 -8 0 -7 4 -6 6 -4 8 -1 9 1 9 4 8 6 6 7 4 8 0 8 -3 7 -7 6 -9 4 -11 1 -12 -1 -12 -64 0 -1 -12 -3 -11 -5 -9 -6 -7 -7 -3 -7 0 -6 4 -5 6 -3 8 -1 9 -64 0 1 9 3 8 5 6 6 4 7 0 7 -3 6 -7 5 -9 3 -11 1 -12 -64 -64/
80 -12 12 -7 -12 -7 9 -64 0 -6 -12 -6 9 -64 0 6 -12 6 9 -64 0 7 -12 7 9 -64 0 -10 -12 10 -12 -64 0 -10 9 -3 9 -64 0 3 9 10 9 -64 -64/
81 -11 11 -6 -12 -6 9 -64 0 -5 -12 -5 9 -64 0 -9 -12 3 -12 6 -11 7 -10 8 -8 8 -5 7 -3 6 -2 3 -1 -5 -1 -64 0 3 -12 5 -11 6 -10 7 -8 7 -5 6 -3 5 -2 3 -1 -64 0 -9 9 -2 9 -64 -64/
82 -11 10 6 -9 7 -6 7 -12 6 -9 4 -11 1 -12 -1 -12 -4 -11 -6 -9 -7 -7 -8 -4 -8 1 -7 4 -6 6 -4 8 -1 9 1 9 4 8 6 6 7 4 -64 0 -1 -12 -3 -11 -5 -9 -6 -7 -7 -4 -7 1 -6 4 -5 6 -3 8 -1 9 -64 -64/
83 -9 10 0 -12 0 9 -64 0 1 -12 1 9 -64 0 -6 -12 -7 -6 -7 -12 8 -12 8 -6 7 -12 -64 0 -3 9 4 9 -64 -64/
84 -10 11 -7 -12 0 4 -64 0 -6 -12 1 4 -64 0 8 -12 1 4 -1 7 -2 8 -4 9 -5 9 -6 8 -6 7 -5 6 -4 7 -5 8 -64 0 -9 -12 -3 -12 -64 0 4 -12 10 -12 -64 -64/
85 -12 13 0 -12 0 9 -64 0 1 -12 1 9 -64 0 -3 -12 4 -12 -64 0 -2 -9 -6 -8 -8 -6 -9 -3 -9 0 -8 3 -6 5 -2 6 3 6 7 5 9 3 10 0 10 -3 9 -6 7 -8 3 -9 -2 -9 -64 0 -2 -9 -5 -8 -7 -6 -8 -3 -8 0 -7 3 -5 5 -2 6 -64 0 3 6 6 5 8 3 9 0 9 -3 8 -6 6 -8 3 -9 -64 0 -3 9 4 9 -64 -64/
86 -10 10 -7 -12 6 9 -64 0 -6 -12 7 9 -64 0 7 -12 -7 9 -64 0 -9 -12 -3 -12 -64 0 3 -12 9 -12 -64 0 -9 9 -3 9 -64 0 3 9 9 9 -64 -64/
87 -12 12 -7 -12 -7 9 -64 0 -6 -12 -6 9 -64 0 6 -12 6 9 -64 0 7 -12 7 9 -64 0 -10 -12 -3 -12 -64 0 3 -12 10 -12 -64 0 -10 9 10 9 -64 0 9 9 10 16 -64 0 10 9 10 16 -64 -64/
88 -12 11 -7 -12 -7 -1 -6 1 -3 2 0 2 3 1 5 -1 -64 0 -6 -12 -6 -1 -5 1 -3 2 -64 0 5 -12 5 9 -64 0 6 -12 6 9 -64 0 -10 -12 -3 -12 -64 0 2 -12 9 -12 -64 0 2 9 9 9 -64 -64/
89 -16 17 -11 -12 -11 9 -64 0 -10 -12 -10 9 -64 0 0 -12 0 9 -64 0 1 -12 1 9 -64 0 11 -12 11 9 -64 0 12 -12 12 9 -64 0 -14 -12 -7 -12 -64 0 -3 -12 4 -12 -64 0 8 -12 15 -12 -64 0 -14 9 15 9 -64 -64/
90 -16 17 -11 -12 -11 9 -64 0 -10 -12 -10 9 -64 0 0 -12 0 9 -64 0 1 -12 1 9 -64 0 11 -12 11 9 -64 0 12 -12 12 9 -64 0 -14 -12 -7 -12 -64 0 -3 -12 4 -12 -64 0 8 -12 15 -12 -64 0 -14 9 15 9 -64 0 14 9 15 16 -64 0 15 9 15 16 -64 -64/
91 -12 14 -2 -12 -2 9 -64 0 -1 -12 -1 9 -64 0 -9 -12 -10 -6 -10 -12 2 -12 -64 0 -1 -2 6 -2 9 -1 10 0 11 2 11 5 10 7 9 8 6 9 -5 9 -64 0 6 -2 8 -1 9 0 10 2 10 5 9 7 8 8 6 9 -64 -64/
92 -15 15 -10 -12 -10 9 -64 0 -9 -12 -9 9 -64 0 -13 -12 -6 -12 -64 0 -9 -2 -2 -2 1 -1 2 0 3 2 3 5 2 7 1 8 -2 9 -13 9 -64 0 -2 -2 0 -1 1 0 2 2 2 5 1 7 0 8 -2 9 -64 0 9 -12 9 9 -64 0 10 -12 10 9 -64 0 6 -12 13 -12 -64 0 6 9 13 9 -64 -64/
93 -10 11 -5 -12 -5 9 -64 0 -4 -12 -4 9 -64 0 -8 -12 -1 -12 -64 0 -4 -2 3 -2 6 -1 7 0 8 2 8 5 7 7 6 8 3 9 -8 9 -64 0 3 -2 5 -1 6 0 7 2 7 5 6 7 5 8 3 9 -64 -64/
94 -10 11 -6 -9 -7 -12 -7 -6 -6 -9 -4 -11 -1 -12 1 -12 4 -11 6 -9 7 -7 8 -4 8 1 7 4 6 6 4 8 1 9 -2 9 -5 8 -6 7 -7 5 -7 4 -6 3 -5 4 -6 5 -64 0 1 -12 3 -11 5 -9 6 -7 7 -4 7 1 6 4 5 6 3 8 1 9 -64 0 -2 -2 7 -2 -64 -64/
95 -15 16 -10 -12 -10 9 -64 0 -9 -12 -9 9 -64 0 -13 -12 -6 -12 -64 0 -13 9 -6 9 -64 0 4 -12 1 -11 -1 -9 -2 -7 -3 -3 -3 0 -2 4 -1 6 1 8 4 9 6 9 9 8 11 6 12 4 13 0 13 -3 12 -7 11 -9 9 -11 6 -12 4 -12 -64 0 4 -12 2 -11 0 -9 -1 -7 -2 -3 -2 0 -1 4 0 6 2 8 4 9 -64 0 6 9 8 8 10 6 11 4 12 0 12 -3 11 -7 10 -9 8 -11 6 -12 -64 0 -9 -2 -3 -2 -64 -64/
96 -11 11 5 -12 5 9 -64 0 6 -12 6 9 -64 0 9 -12 -3 -12 -6 -11 -7 -10 -8 -8 -8 -6 -7 -4 -6 -3 -3 -2 5 -2 -64 0 -3 -12 -5 -11 -6 -10 -7 -8 -7 -6 -6 -4 -5 -3 -3 -2 -64 0 0 -2 -2 -1 -3 0 -6 7 -7 8 -8 8 -9 7 -64 0 -2 -1 -3 1 -5 8 -6 9 -8 9 -9 7 -9 6 -64 0 2 9 9 9 -64 -64/
97 -9 11 -4 -3 -4 -2 -5 -2 -5 -3 -4 -4 -2 -5 2 -5 4 -4 5 -3 6 -1 6 6 7 8 8 9 -64 0 5 -3 5 6 6 8 8 9 9 9 -64 0 5 -1 4 0 -2 1 -5 2 -6 4 -6 6 -5 8 -2 9 1 9 3 8 5 6 -64 0 -2 1 -4 2 -5 4 -5 6 -4 8 -2 9 -64 -64/
98 -10 10 6 -12 5 -11 -1 -9 -4 -7 -6 -4 -7 -1 -7 3 -6 6 -4 8 -1 9 1 9 4 8 6 6 7 3 7 1 6 -2 4 -4 1 -5 -1 -5 -4 -4 -6 -2 -7 1 -64 0 6 -12 5 -10 3 -9 -1 -8 -4 -6 -6 -4 -64 0 -1 -5 -3 -4 -5 -2 -6 1 -6 3 -5 6 -3 8 -1 9 -64 0 1 9 3 8 5 6 6 3 6 1 5 -2 3 -4 1 -5 -64 -64/
99 -10 10 -5 -5 -5 9 -64 0 -4 -5 -4 9 -64 0 -8 -5 3 -5 6 -4 7 -2 7 -1 6 1 3 2 -64 0 3 -5 5 -4 6 -2 6 -1 5 1 3 2 -64 0 -4 2 3 2 6 3 7 5 7 6 6 8 3 9 -8 9 -64 0 3 2 5 3 6 5 6 6 5 8 3 9 -64 -64/
100 -10 8 -5 -5 -5 9 -64 0 -4 -5 -4 9 -64 0 -8 -5 6 -5 6 0 5 -5 -64 0 -8 9 -1 9 -64 -64/
101 -12 11 -4 -5 -4 -1 -5 5 -6 8 -7 9 -64 0 5 -5 5 9 -64 0 6 -5 6 9 -64 0 -7 -5 9 -5 -64 0 -9 9 -10 14 -10 9 9 9 9 14 8 9 -64 -64/
102 -10 9 -6 1 6 1 6 -1 5 -3 4 -4 2 -5 -1 -5 -4 -4 -6 -2 -7 1 -7 3 -6 6 -4 8 -1 9 1 9 4 8 6 6 -64 0 5 1 5 -2 4 -4 -64 0 -1 -5 -3 -4 -5 -2 -6 1 -6 3 -5 6 -3 8 -1 9 -64 -64/
103 -13 14 0 -5 0 9 -64 0 1 -5 1 9 -64 0 -3 -5 4 -5 -64 0 -8 -4 -9 -3 -10 -4 -9 -5 -8 -5 -7 -4 -5 0 -4 1 -2 2 3 2 5 1 6 0 8 -4 9 -5 10 -5 11 -4 10 -3 9 -4 -64 0 -2 2 -4 3 -5 4 -7 8 -8 9 -64 0 -2 2 -4 4 -6 8 -7 9 -9 9 -10 8 -11 6 -64 0 3 2 5 3 6 4 8 8 9 9 -64 0 3 2 5 4 7 8 8 9 10 9 11 8 12 6 -64 0 -3 9 4 9 -64 -64/
104 -9 9 -5 -3 -6 -5 -6 -1 -5 -3 -4 -4 -2 -5 2 -5 5 -4 6 -2 6 -1 5 1 2 2 -64 0 2 -5 4 -4 5 -2 5 -1 4 1 2 2 -64 0 -1 2 2 2 5 3 6 5 6 6 5 8 2 9 -2 9 -5 8 -6 6 -6 5 -5 4 -4 5 -5 6 -64 0 2 2 4 3 5 5 5 6 4 8 2 9 -64 -64/
105 -11 11 -6 -5 -6 9 -64 0 -5 -5 -5 9 -64 0 5 -5 5 9 -64 0 6 -5 6 9 -64 0 -9 -5 -2 -5 -64 0 2 -5 9 -5 -64 0 -9 9 -2 9 -64 0 2 9 9 9 -64 0 5 -4 -5 8 -64 -64/
106 -11 11 -6 -5 -6 9 -64 0 -5 -5 -5 9 -64 0 5 -5 5 9 -64 0 6 -5 6 9 -64 0 -9 -5 -2 -5 -64 0 2 -5 9 -5 -64 0 -9 9 -2 9 -64 0 2 9 9 9 -64 0 5 -4 -5 8 -64 0 -3 -11 -3 -12 -4 -12 -4 -11 -3 -9 -1 -8 1 -8 3 -9 4 -11 -64 -64/
107 -10 10 -5 -5 -5 9 -64 0 -4 -5 -4 9 -64 0 -8 -5 -1 -5 -64 0 -4 2 -2 2 1 1 2 0 4 -4 5 -5 6 -5 7 -4 6 -3 5 -4 -64 0 -2 2 1 3 2 4 4 8 5 9 -64 0 -2 2 0 3 1 4 3 8 4 9 6 9 7 8 8 6 -64 0 -8 9 -1 9 -64 -64/
108 -11 11 -4 -5 -4 -1 -5 5 -6 8 -7 9 -8 9 -9 8 -8 7 -7 8 -64 0 5 -5 5 9 -64 0 6 -5 6 9 -64 0 -7 -5 9 -5 -64 0 2 9 9 9 -64 -64/
109 -11 12 -6 -5 -6 9 -64 0 -6 -5 0 9 -64 0 -5 -5 0 7 -64 0 6 -5 0 9 -64 0 6 -5 6 9 -64 0 7 -5 7 9 -64 0 -9 -5 -5 -5 -64 0 6 -5 10 -5 -64 0 -9 9 -3 9 -64 0 3 9 10 9 -64 -64/
110 -11 11 -6 -5 -6 9 -64 0 -5 -5 -5 9 -64 0 5 -5 5 9 -64 0 6 -5 6 9 -64 0 -9 -5 -2 -5 -64 0 2 -5 9 -5 -64 0 -5 2 5 2 -64 0 -9 9 -2 9 -64 0 2 9 9 9 -64 -64/
111 -10 10 -1 -5 -4 -4 -6 -2 -7 1 -7 3 -6 6 -4 8 -1 9 1 9 4 8 6 6 7 3 7 1 6 -2 4 -4 1 -5 -1 -5 -64 0 -1 -5 -3 -4 -5 -2 -6 1 -6 3 -5 6 -3 8 -1 9 -64 0 1 9 3 8 5 6 6 3 6 1 5 -2 3 -4 1 -5 -64 -64/
112 -11 11 -6 -5 -6 9 -64 0 -5 -5 -5 9 -64 0 5 -5 5 9 -64 0 6 -5 6 9 -64 0 -9 -5 9 -5 -64 0 -9 9 -2 9 -64 0 2 9 9 9 -64 -64/
113 -11 10 -6 -5 -6 16 -64 0 -5 -5 -5 16 -64 0 -5 -2 -3 -4 -1 -5 1 -5 4 -4 6 -2 7 1 7 3 6 6 4 8 1 9 -1 9 -3 8 -5 6 -64 0 1 -5 3 -4 5 -2 6 1 6 3 5 6 3 8 1 9 -64 0 -9 -5 -5 -5 -64 0 -9 16 -2 16 -64 -64/
114 -10 9 5 -2 4 -1 5 0 6 -1 6 -2 4 -4 2 -5 -1 -5 -4 -4 -6 -2 -7 1 -7 3 -6 6 -4 8 -1 9 1 9 4 8 6 6 -64 0 -1 -5 -3 -4 -5 -2 -6 1 -6 3 -5 6 -3 8 -1 9 -64 -64/
115 -9 10 0 -5 0 9 -64 0 1 -5 1 9 -64 0 -5 -5 -6 0 -6 -5 7 -5 7 0 6 -5 -64 0 -3 9 4 9 -64 -64/
116 -9 9 -6 -5 0 9 -64 0 -5 -5 0 7 -64 0 6 -5 0 9 -2 13 -4 15 -6 16 -7 16 -8 15 -7 14 -6 15 -64 0 -8 -5 -2 -5 -64 0 2 -5 8 -5 -64 -64/
117 -10 11 0 -12 0 16 -64 0 1 -12 1 16 -64 0 -3 -12 1 -12 -64 0 0 -2 -1 -4 -2 -5 -4 -5 -6 -4 -7 -1 -7 5 -6 8 -4 9 -2 9 -1 8 0 6 -64 0 -4 -5 -5 -4 -6 -1 -6 5 -5 8 -4 9 -64 0 5 -5 6 -4 7 -1 7 5 6 8 5 9 -64 0 1 -2 2 -4 3 -5 5 -5 7 -4 8 -1 8 5 7 8 5 9 3 9 2 8 1 6 -64 0 -3 16 4 16 -64 -64/
118 -10 10 -6 -5 5 9 -64 0 -5 -5 6 9 -64 0 6 -5 -6 9 -64 0 -8 -5 -2 -5 -64 0 2 -5 8 -5 -64 0 -8 9 -2 9 -64 0 2 9 8 9 -64 -64/
119 -11 11 -6 -5 -6 9 -64 0 -5 -5 -5 9 -64 0 5 -5 5 9 -64 0 6 -5 6 9 -64 0 -9 -5 -2 -5 -64 0 2 -5 9 -5 -64 0 -9 9 9 9 9 14 8 9 -64 -64/
120 -11 11 -6 -5 -6 2 -5 4 -2 5 0 5 3 4 5 2 -64 0 -5 -5 -5 2 -4 4 -2 5 -64 0 5 -5 5 9 -64 0 6 -5 6 9 -64 0 -9 -5 -2 -5 -64 0 2 -5 9 -5 -64 0 2 9 9 9 -64 -64/
121 -15 16 -10 -5 -10 9 -64 0 -9 -5 -9 9 -64 0 0 -5 0 9 -64 0 1 -5 1 9 -64 0 10 -5 10 9 -64 0 11 -5 11 9 -64 0 -13 -5 -6 -5 -64 0 -3 -5 4 -5 -64 0 7 -5 14 -5 -64 0 -13 9 14 9 -64 -64/
122 -15 16 -10 -5 -10 9 -64 0 -9 -5 -9 9 -64 0 0 -5 0 9 -64 0 1 -5 1 9 -64 0 10 -5 10 9 -64 0 11 -5 11 9 -64 0 -13 -5 -6 -5 -64 0 -3 -5 4 -5 -64 0 7 -5 14 -5 -64 0 -13 9 14 9 14 14 13 9 -64 -64/
123 -10 11 -1 -5 -1 9 -64 0 0 -5 0 9 -64 0 -6 -5 -7 0 -7 -5 3 -5 -64 0 0 2 4 2 7 3 8 5 8 6 7 8 4 9 -4 9 -64 0 4 2 6 3 7 5 7 6 6 8 4 9 -64 -64/
124 -13 13 -8 -5 -8 9 -64 0 -7 -5 -7 9 -64 0 -11 -5 -4 -5 -64 0 -7 2 -3 2 0 3 1 5 1 6 0 8 -3 9 -11 9 -64 0 -3 2 -1 3 0 5 0 6 -1 8 -3 9 -64 0 7 -5 7 9 -64 0 8 -5 8 9 -64 0 4 -5 11 -5 -64 0 4 9 11 9 -64 -64/
125 -8 9 -3 -5 -3 9 -64 0 -2 -5 -2 9 -64 0 -6 -5 1 -5 -64 0 -2 2 2 2 5 3 6 5 6 6 5 8 2 9 -6 9 -64 0 2 2 4 3 5 5 5 6 4 8 2 9 -64 -64/
126 -9 10 -5 -3 -6 -5 -6 -1 -5 -3 -4 -4 -2 -5 1 -5 4 -4 6 -2 7 1 7 3 6 6 4 8 1 9 -2 9 -4 8 -6 6 -6 5 -5 4 -4 5 -5 6 -64 0 1 -5 3 -4 5 -2 6 1 6 3 5 6 3 8 1 9 -64 0 0 2 6 2 -64 -64/
127 -14 15 -9 -5 -9 9 -64 0 -8 -5 -8 9 -64 0 -12 -5 -5 -5 -64 0 -12 9 -5 9 -64 0 4 -5 1 -4 -1 -2 -2 1 -2 3 -1 6 1 8 4 9 6 9 9 8 11 6 12 3 12 1 11 -2 9 -4 6 -5 4 -5 -64 0 4 -5 2 -4 0 -2 -1 1 -1 3 0 6 2 8 4 9 -64 0 6 9 8 8 10 6 11 3 11 1 10 -2 8 -4 6 -5 -64 0 -8 2 -2 2 -64 -64/
128 -11 10 4 -5 4 9 -64 0 5 -5 5 9 -64 0 8 -5 -3 -5 -6 -4 -7 -2 -7 -1 -6 1 -3 2 4 2 -64 0 -3 -5 -5 -4 -6 -2 -6 -1 -5 1 -3 2 -64 0 2 2 -1 3 -2 4 -4 8 -5 9 -64 0 2 2 0 3 -1 4 -3 8 -4 9 -6 9 -7 8 -8 6 -64 0 1 9 8 9 -64 -64/
129 -5 5 0 9 -1 8 0 7 1 8 1 10 0 12 -1 13 -64 -64/
130 -5 5 0 -5 -1 -4 0 -3 1 -4 0 -5 -64 0 0 7 -1 8 0 9 1 8 0 7 -64 -64/
131 -5 5 0 -5 -1 -4 0 -3 1 -4 0 -5 -64 0 0 9 -1 8 0 7 1 8 1 10 0 12 -1 13 -64 -64/
132 -5 5 0 -12 -1 -10 0 2 1 -10 0 -12 -64 0 0 -10 0 -4 -64 0 0 7 -1 8 0 9 1 8 0 7 -64 -64/
133 -9 9 -5 -8 -4 -7 -5 -6 -6 -7 -6 -8 -5 -10 -4 -11 -2 -12 1 -12 4 -11 5 -10 6 -8 6 -6 5 -4 4 -3 0 -1 0 2 -64 0 1 -12 3 -11 4 -10 5 -8 5 -6 4 -4 2 -2 -64 0 0 7 -1 8 0 9 1 8 0 7 -64 -64/
134 -4 4 0 -12 -1 -5 -64 0 1 -12 -1 -5 -64 -64/
135 -5 5 0 7 -1 8 0 9 1 8 0 7 -64 -64/
136 -8 8 -4 -12 -5 -5 -64 0 -3 -12 -5 -5 -64 0 4 -12 3 -5 -64 0 5 -12 3 -5 -64 -64/
137 -7 7 -1 -12 -3 -11 -4 -9 -4 -7 -3 -5 -1 -4 1 -4 3 -5 4 -7 4 -9 3 -11 1 -12 -1 -12 -64 -64/
138 -8 8 0 -12 0 0 -64 0 -5 -9 5 -3 -64 0 5 -9 -5 -3 -64 -64/
139 -11 11 9 -16 -9 16 -64 -64/
140 -7 7 2 -16 2 16 -64 0 3 -16 3 16 -64 0 -4 -16 3 -16 -64 0 -4 16 3 16 -64 -64/
141 -7 7 2 -16 0 -15 -1 -14 -2 -12 -2 -10 -1 -8 0 -7 1 -5 1 -3 -1 -1 -64 0 0 -15 -1 -13 -1 -11 0 -9 1 -8 2 -6 2 -4 1 -2 -3 0 1 2 2 4 2 6 1 8 0 9 -1 11 -1 13 0 15 -64 0 -1 1 1 3 1 5 0 7 -1 8 -2 10 -2 12 -1 14 0 15 2 16 -64 -64/
142 -7 7 -2 -16 0 -15 1 -14 2 -12 2 -10 1 -8 0 -7 -1 -5 -1 -3 1 -1 -64 0 0 -15 1 -13 1 -11 0 -9 -1 -8 -2 -6 -2 -4 -1 -2 3 0 -1 2 -2 4 -2 6 -1 8 0 9 1 11 1 13 0 15 -64 0 1 1 -1 3 -1 5 0 7 1 8 2 10 2 12 1 14 0 15 -2 16 -64 -64/
143 -7 7 3 -16 -4 0 3 16 -64 -64/
144 -7 7 -3 -16 4 0 -3 16 -64 -64/
145 -4 4 0 -16 0 16 -64 -64/
146 -7 7 -3 -16 -3 16 -64 0 3 -16 3 16 -64 -64/
147 -13 13 -9 0 9 0 -64 -64/
148 -7 7 4 -16 2 -14 0 -11 -2 -7 -3 -2 -3 2 -2 7 0 11 2 14 4 16 -64 0 2 -14 0 -10 -1 -7 -2 -2 -2 2 -1 7 0 10 2 14 -64 -64/
149 -7 7 -4 -16 -2 -14 0 -11 2 -7 3 -2 3 2 2 7 0 11 -2 14 -4 16 -64 0 -2 -14 0 -10 1 -7 2 -2 2 2 1 7 0 10 -2 14 -64 -64/
150 -7 7 -3 -16 -3 16 -64 0 -2 -16 -2 16 -64 0 -3 -16 4 -16 -64 0 -3 16 4 16 -64 -64/
151 -13 13 0 -9 0 9 -64 0 -9 0 9 0 -64 -64/
152 -12 12 0 -8 0 9 -64 0 -8 0 8 0 -64 0 -8 9 8 9 -64 -64/
153 -12 12 0 -8 0 9 -64 0 -8 -8 8 -8 -64 0 -8 0 8 0 -64 -64/
154 -11 11 -7 -7 7 7 -64 0 7 -7 -7 7 -64 -64/
155 -5 5 0 -1 -1 0 0 1 1 0 0 -1 -64 -64/
156 -13 13 0 -9 -1 -8 0 -7 1 -8 0 -9 -64 0 -9 0 9 0 -64 0 0 7 -1 8 0 9 1 8 0 7 -64 -64/
157 -12 12 -8 -9 8 0 -8 9 -64 -64/
158 -12 12 8 -12 -8 -5 8 2 -64 0 -8 4 8 4 -64 0 -8 9 8 9 -64 -64/
159 -12 12 -8 -12 8 -5 -8 2 -64 0 -8 4 8 4 -64 0 -8 9 8 9 -64 -64/
160 -12 13 9 5 7 5 5 4 3 2 0 -2 -1 -3 -3 -4 -5 -4 -7 -3 -8 -1 -8 1 -7 3 -5 4 -3 4 -1 3 0 2 3 -2 5 -4 7 -5 9 -5 -64 -64/
161 -12 12 -9 3 -9 1 -8 -2 -6 -3 -4 -3 -2 -2 2 1 4 2 6 2 8 1 9 -1 -64 0 -9 1 -8 -1 -6 -2 -4 -2 -2 -1 2 2 4 3 6 3 8 2 9 -1 9 -3 -64 -64/
162 -11 11 -8 2 0 -3 8 2 -64 0 -8 2 0 -2 8 2 -64 -64/
163 -6 6 2 -12 -3 -6 -64 0 2 -12 3 -11 -3 -6 -64 -64/
164 -6 6 -2 -12 3 -6 -64 0 -2 -12 -3 -11 3 -6 -64 -64/
165 -10 10 -7 -12 -6 -10 -4 -8 -1 -7 1 -7 4 -8 6 -10 7 -12 -64 0 -7 -12 -6 -9 -4 -7 -1 -6 1 -6 4 -7 6 -9 7 -12 -64 -64/
166 -5 5 0 -10 -1 -11 0 -12 1 -11 1 -9 0 -7 -1 -6 -64 -64/
167 -5 5 1 -12 0 -11 -1 -9 -1 -7 0 -6 1 -7 0 -8 -64 -64/
168 -5 5 0 -10 1 -11 0 -12 -1 -11 -1 -9 0 -7 1 -6 -64 -64/
169 -5 5 -1 -12 0 -11 1 -9 1 -7 0 -6 -1 -7 0 -8 -64 -64/
170 -13 9 -10 -5 -6 -5 0 7 -64 0 -7 -5 0 9 -64 0 9 -16 0 9 -64 -64/
171 -12 12 8 -8 1 -8 -3 -7 -5 -6 -7 -4 -8 -1 -8 1 -7 4 -5 6 -3 7 1 8 8 8 -64 -64/
172 -12 12 -8 -8 -8 -1 -7 3 -6 5 -4 7 -1 8 1 8 4 7 6 5 7 3 8 -1 8 -8 -64 -64/
173 -12 12 -8 -8 -1 -8 3 -7 5 -6 7 -4 8 -1 8 1 7 4 5 6 3 7 -1 8 -8 8 -64 -64/
174 -12 12 -8 8 -8 1 -7 -3 -6 -5 -4 -7 -1 -8 1 -8 4 -7 6 -5 7 -3 8 1 8 8 -64 -64/
175 -12 12 8 -8 1 -8 -3 -7 -5 -6 -7 -4 -8 -1 -8 1 -7 4 -5 6 -3 7 1 8 8 8 -64 0 -8 0 4 0 -64 -64/
176 -13 13 6 -2 9 0 6 2 -64 0 3 -5 8 0 3 5 -64 0 -9 0 8 0 -64 -64/
177 -8 8 -2 -6 0 -9 2 -6 -64 0 -5 -3 0 -8 5 -3 -64 0 0 -8 0 9 -64 -64/
178 -13 13 -6 -2 -9 0 -6 2 -64 0 -3 -5 -8 0 -3 5 -64 0 -8 0 9 0 -64 -64/
179 -8 8 -2 6 0 9 2 6 -64 0 -5 3 0 8 5 3 -64 0 0 -9 0 8 -64 -64/
180 -9 10 6 0 5 -3 4 -4 2 -5 0 -5 -3 -4 -5 -1 -6 2 -6 5 -5 7 -4 8 -2 9 0 9 3 8 5 6 6 3 7 -2 7 -7 6 -10 5 -11 3 -12 0 -12 -2 -11 -3 -10 -3 -9 -2 -9 -2 -10 -64 0 0 -5 -2 -4 -4 -1 -5 2 -5 6 -4 8 -64 0 0 9 2 8 4 6 5 3 6 -2 6 -7 5 -10 3 -12 -64 -64/
181 -10 10 -8 -12 0 9 -64 0 -7 -12 0 7 -64 0 8 -12 0 9 -64 0 -8 -12 8 -12 -64 0 -7 -11 7 -11 -64 -64/
182 -17 16 -14 -5 -9 -5 0 7 -64 0 -10 -4 0 9 -64 0 16 -24 0 9 -64 -64/
183 -12 12 9 -15 8 -14 9 -13 10 -14 10 -15 9 -16 7 -16 5 -15 3 -13 2 -11 1 -8 0 -4 -2 8 -3 12 -4 14 -64 0 4 -14 3 -12 2 -8 0 4 -1 8 -2 11 -3 13 -5 15 -7 16 -9 16 -10 15 -10 14 -9 13 -8 14 -9 15 -64 -64/
184 -12 12 9 -15 8 -14 9 -13 10 -14 10 -15 9 -16 7 -16 5 -15 3 -13 2 -11 1 -8 0 -4 -2 8 -3 12 -4 14 -64 0 4 -14 3 -12 2 -8 0 4 -1 8 -2 11 -3 13 -5 15 -7 16 -9 16 -10 15 -10 14 -9 13 -8 14 -9 15 -64 0 -1 -7 -4 -6 -6 -4 -7 -1 -7 1 -6 4 -4 6 -1 7 1 7 4 6 6 4 7 1 7 -1 6 -4 4 -6 1 -7 -1 -7 -64 -64/
185 -12 13 10 1 9 3 7 4 5 4 3 3 2 2 -1 -2 -2 -3 -4 -4 -6 -4 -8 -3 -9 -1 -9 1 -8 3 -6 4 -4 4 -2 3 -1 2 2 -2 3 -3 5 -4 7 -4 9 -3 10 -1 10 1 -64 -64/
186 -12 12 9 -12 -9 9 -64 0 -4 -12 -2 -10 -2 -8 -3 -6 -5 -5 -7 -5 -9 -7 -9 -9 -8 -11 -6 -12 -4 -12 -2 -11 1 -10 4 -10 7 -11 9 -12 -64 0 5 2 3 3 2 5 2 7 4 9 6 9 8 8 9 6 9 4 7 2 5 2 -64 -64/
187 -12 13 9 -4 8 -3 9 -2 10 -3 10 -4 9 -5 8 -5 7 -4 6 -2 4 3 2 6 0 8 -2 9 -5 9 -8 8 -9 6 -9 3 -8 1 -2 -3 0 -5 1 -7 1 -9 0 -11 -2 -12 -4 -11 -5 -9 -5 -7 -4 -4 -2 -1 3 6 5 8 8 9 9 9 10 8 10 7 -64 0 -5 9 -7 8 -8 6 -8 3 -7 1 -5 -1 -64 0 -5 -7 -4 -5 4 6 6 8 8 9 -64 -64/
188 -13 14 5 -4 4 -6 2 -7 -1 -7 -3 -6 -4 -5 -5 -2 -5 1 -4 3 -2 4 1 4 3 3 4 1 -64 0 -1 -7 -3 -5 -4 -2 -4 1 -3 3 -2 4 -64 0 5 -7 4 1 4 3 6 4 8 4 10 2 11 -1 11 -3 10 -6 9 -8 7 -10 5 -11 2 -12 -1 -12 -4 -11 -6 -10 -8 -8 -9 -6 -10 -3 -10 0 -9 3 -8 5 -6 7 -4 8 -1 9 2 9 5 8 7 7 8 6 -64 0 6 -7 5 1 5 3 6 4 -64 -64/
189 -10 10 -2 -16 -2 13 -64 0 2 -16 2 13 -64 0 6 -9 5 -8 6 -7 7 -8 7 -9 5 -11 2 -12 -2 -12 -5 -11 -7 -9 -7 -7 -6 -5 -5 -4 -3 -3 3 -1 5 0 7 2 -64 0 -7 -7 -5 -5 -3 -4 3 -2 5 -1 6 0 7 2 7 6 5 8 2 9 -2 9 -5 8 -7 6 -7 5 -6 4 -5 5 -6 6 -64 -64/
190 -10 11 1 -12 -6 16 -64 0 7 -12 0 16 -64 0 -6 -1 8 -1 -64 0 -7 5 7 5 -64 -64/
191 -8 8 3 -9 2 -8 3 -7 4 -8 4 -9 3 -11 1 -12 -1 -12 -3 -11 -4 -9 -4 -7 -3 -5 -1 -3 4 0 -64 0 -3 -5 2 -2 4 0 5 2 5 4 4 6 2 8 -64 0 -2 -4 -4 -2 -5 0 -5 2 -4 4 -2 6 3 9 -64 0 -4 4 1 7 3 9 4 11 4 13 3 15 1 16 -1 16 -3 15 -4 13 -4 12 -3 11 -2 12 -3 13 -64 -64/
192 -8 8 0 -12 -1 -10 0 -8 1 -10 0 -12 -64 0 0 -12 0 16 -64 0 0 -1 -1 2 0 16 1 2 0 -1 -64 0 -6 -5 -4 -4 -2 -5 -4 -6 -6 -5 -64 0 -6 -5 6 -5 -64 0 2 -5 4 -4 6 -5 4 -6 2 -5 -64 -64/
193 -13 13 -9 -3 9 -3 -64 0 -9 3 9 3 -64 -64/
194 -13 13 7 -9 -7 9 -64 0 -9 -3 9 -3 -64 0 -9 3 9 3 -64 -64/
195 -13 13 -9 -5 9 -5 -64 0 -9 0 9 0 -64 0 -9 5 9 5 -64 -64/
196 -12 12 8 -9 -8 0 8 9 -64 -64/
