32 -8 8 -64 -64/
33 -5 5 0 -12 0 2 -64 0 0 7 -1 8 0 9 1 8 0 7 -64 -64/
34 -8 8 -4 -12 -4 -5 -64 0 4 -12 4 -5 -64 -64/
35 -10 11 1 -16 -6 16 -64 0 7 -16 0 16 -64 0 -6 -3 8 -3 -64 0 -7 3 7 3 -64 -64/
36 -10 10 -2 -16 -2 13 -64 0 2 -16 2 13 -64 0 7 -9 5 -11 2 -12 -2 -12 -5 -11 -7 -9 -7 -7 -6 -5 -5 -4 -3 -3 3 -1 5 0 6 1 7 3 7 6 5 8 2 9 -2 9 -5 8 -7 6 -64 -64/
37 -12 12 9 -12 -9 9 -64 0 -4 -12 -2 -10 -2 -8 -3 -6 -5 -5 -7 -5 -9 -7 -9 -9 -8 -11 -6 -12 -4 -12 -2 -11 1 -10 4 -10 7 -11 9 -12 -64 0 5 2 3 3 2 5 2 7 4 9 6 9 8 8 9 6 9 4 7 2 5 2 -64 -64/
38 -13 13 10 -3 10 -4 9 -5 8 -5 7 -4 6 -2 4 3 2 6 0 8 -2 9 -6 9 -8 8 -9 7 -10 5 -10 3 -9 1 -8 0 -1 -4 0 -5 1 -7 1 -9 0 -11 -2 -12 -4 -11 -5 -9 -5 -7 -4 -4 -2 -1 3 6 5 8 7 9 9 9 10 8 10 7 -64 -64/
39 -4 4 0 -12 0 -5 -64 -64/
40 -7 7 4 -16 2 -14 0 -11 -2 -7 -3 -2 -3 2 -2 7 0 11 2 14 4 16 -64 -64/
42 -8 8 0 -6 0 6 -64 0 -5 -3 5 3 -64 0 5 -3 -5 3 -64 -64/
41 -7 7 -4 -16 -2 -14 0 -11 2 -7 3 -2 3 2 2 7 0 11 -2 14 -4 16 -64 -64/
43 -13 13 0 -9 0 9 -64 0 -9 0 9 0 -64 -64/
44 -5 5 1 8 0 9 -1 8 0 7 1 8 1 10 0 12 -1 13 -64 -64/
45 -13 13 -9 0 9 0 -64 -64/
46 -5 5 0 7 -1 8 0 9 1 8 0 7 -64 -64/
47 -11 11 9 -16 -9 16 -64 -64/
48 -10 10 -1 -12 -4 -11 -6 -8 -7 -3 -7 0 -6 5 -4 8 -1 9 1 9 4 8 6 5 7 0 7 -3 6 -8 4 -11 1 -12 -1 -12 -64 -64/
49 -10 10 -4 -8 -2 -9 1 -12 1 9 -64 -64/
50 -10 10 -6 -7 -6 -8 -5 -10 -4 -11 -2 -12 2 -12 4 -11 5 -10 6 -8 6 -6 5 -4 3 -1 -7 9 7 9 -64 -64/
51 -10 10 -5 -12 6 -12 0 -4 3 -4 5 -3 6 -2 7 1 7 3 6 6 4 8 1 9 -2 9 -5 8 -6 7 -7 5 -64 -64/
52 -10 10 3 -12 -7 2 8 2 -64 0 3 -12 3 9 -64 -64/
53 -10 10 5 -12 -5 -12 -6 -3 -5 -4 -2 -5 1 -5 4 -4 6 -2 7 1 7 3 6 6 4 8 1 9 -2 9 -5 8 -6 7 -7 5 -64 -64/
54 -10 10 6 -9 5 -11 2 -12 0 -12 -3 -11 -5 -8 -6 -3 -6 2 -5 6 -3 8 0 9 1 9 4 8 6 6 7 3 7 2 6 -1 4 -3 1 -4 0 -4 -3 -3 -5 -1 -6 2 -64 -64/
55 -10 10 7 -12 -3 9 -64 0 -7 -12 7 -12 -64 -64/
56 -10 10 -2 -12 -5 -11 -6 -9 -6 -7 -5 -5 -3 -4 1 -3 4 -2 6 0 7 2 7 5 6 7 5 8 2 9 -2 9 -5 8 -6 7 -7 5 -7 2 -6 0 -4 -2 -1 -3 3 -4 5 -5 6 -7 6 -9 5 -11 2 -12 -2 -12 -64 -64/
57 -10 10 6 -5 5 -2 3 0 0 1 -1 1 -4 0 -6 -2 -7 -5 -7 -6 -6 -9 -4 -11 -1 -12 0 -12 3 -11 5 -9 6 -5 6 0 5 5 3 8 0 9 -2 9 -5 8 -6 6 -64 -64/
58 -5 5 0 -5 -1 -4 0 -3 1 -4 0 -5 -64 0 0 7 -1 8 0 9 1 8 0 7 -64 -64/
59 -5 5 0 -5 -1 -4 0 -3 1 -4 0 -5 -64 0 1 8 0 9 -1 8 0 7 1 8 1 10 0 12 -1 13 -64 -64/
60 -8 8 5 -6 -5 0 5 6 -64 -64/
61 -13 13 -9 -3 9 -3 -64 0 -9 3 9 3 -64 -64/
62 -8 8 -5 -6 5 0 -5 6 -64 -64/
63 -9 9 -6 -7 -6 -8 -5 -10 -4 -11 -2 -12 2 -12 4 -11 5 -10 6 -8 6 -6 5 -4 4 -3 0 -1 0 2 -64 0 0 7 -1 8 0 9 1 8 0 7 -64 -64/
64 -13 14 5 -4 4 -6 2 -7 -1 -7 -3 -6 -4 -5 -5 -2 -5 1 -4 3 -2 4 1 4 3 3 4 1 -64 0 -1 -7 -3 -5 -4 -2 -4 1 -3 3 -2 4 -64 0 5 -7 4 1 4 3 6 4 8 4 10 2 11 -1 11 -3 10 -6 9 -8 7 -10 5 -11 2 -12 -1 -12 -4 -11 -6 -10 -8 -8 -9 -6 -10 -3 -10 0 -9 3 -8 5 -6 7 -4 8 -1 9 2 9 5 8 7 7 8 6 -64 0 6 -7 5 1 5 3 6 4 -64 -64/
65 -9 9 0 -12 -8 9 -64 0 0 -12 8 9 -64 0 -5 2 5 2 -64 -64/
66 -11 10 -7 -12 -7 9 -64 0 -7 -12 2 -12 5 -11 6 -10 7 -8 7 -6 6 -4 5 -3 2 -2 -64 0 -7 -2 2 -2 5 -1 6 0 7 2 7 5 6 7 5 8 2 9 -7 9 -64 -64/
67 -10 7 -6 -12 -6 9 -64 0 -6 -12 6 -12 -64 -64/
68 -9 9 0 -12 -8 9 -64 0 0 -12 8 9 -64 0 -8 9 8 9 -64 -64/
69 -10 9 -6 -12 -6 9 -64 0 -6 -12 7 -12 -64 0 -6 -2 2 -2 -64 0 -6 9 7 9 -64 -64/
70 -10 10 7 -12 -7 9 -64 0 -7 -12 7 -12 -64 0 -7 9 7 9 -64 -64/
71 -11 11 -7 -12 -7 9 -64 0 7 -12 7 9 -64 0 -7 -2 7 -2 -64 -64/
72 -11 11 -2 -12 -4 -11 -6 -9 -7 -7 -8 -4 -8 1 -7 4 -6 6 -4 8 -2 9 2 9 4 8 6 6 7 4 8 1 8 -4 7 -7 6 -9 4 -11 2 -12 -2 -12 -64 0 -3 -2 3 -2 -64 -64/
73 -4 4 0 -12 0 9 -64 -64/
74 -11 10 -7 -12 -7 9 -64 0 7 -12 -7 2 -64 0 -2 -3 7 9 -64 -64/
75 -9 9 0 -12 -8 9 -64 0 0 -12 8 9 -64 -64/
76 -12 12 -8 -12 -8 9 -64 0 -8 -12 0 9 -64 0 8 -12 0 9 -64 0 8 -12 8 9 -64 -64/
77 -11 11 -7 -12 -7 9 -64 0 -7 -12 7 9 -64 0 7 -12 7 9 -64 -64/
78 -9 9 -7 -12 7 -12 -64 0 -3 -2 3 -2 -64 0 -7 9 7 9 -64 -64/
79 -11 11 -2 -12 -4 -11 -6 -9 -7 -7 -8 -4 -8 1 -7 4 -6 6 -4 8 -2 9 2 9 4 8 6 6 7 4 8 1 8 -4 7 -7 6 -9 4 -11 2 -12 -2 -12 -64 -64/
80 -11 11 -7 -12 -7 9 -64 0 7 -12 7 9 -64 0 -7 -12 7 -12 -64 -64/
81 -11 10 -7 -12 -7 9 -64 0 -7 -12 2 -12 5 -11 6 -10 7 -8 7 -5 6 -3 5 -2 2 -1 -7 -1 -64 -64/
82 -9 9 -7 -12 0 -2 -7 9 -64 0 -7 -12 7 -12 -64 0 -7 9 7 9 -64 -64/
83 -8 8 0 -12 0 9 -64 0 -7 -12 7 -12 -64 -64/
84 -9 9 -7 -7 -7 -9 -6 -11 -5 -12 -3 -12 -2 -11 -1 -9 0 -5 0 9 -64 0 7 -7 7 -9 6 -11 5 -12 3 -12 2 -11 1 -9 0 -5 -64 -64/
85 -10 10 0 -12 0 9 -64 0 -2 -7 -5 -6 -6 -5 -7 -3 -7 0 -6 2 -5 3 -2 4 2 4 5 3 6 2 7 0 7 -3 6 -5 5 -6 2 -7 -2 -7 -64 -64/
86 -10 10 -7 -12 7 9 -64 0 -7 9 7 -12 -64 -64/
87 -11 11 0 -12 0 9 -64 0 -9 -6 -8 -6 -7 -5 -6 -1 -5 1 -4 2 -1 3 1 3 4 2 5 1 6 -1 7 -5 8 -6 9 -6 -64 -64/
88 -10 10 -7 9 -3 9 -6 2 -7 -2 -7 -6 -6 -9 -4 -11 -1 -12 1 -12 4 -11 6 -9 7 -6 7 -2 6 2 3 9 7 9 -64 -64/
89 -11 9 -11 9 -9 8 -6 5 -3 1 1 -6 4 -12 4 9 3 6 1 3 -1 1 -4 -1 -6 -1 -7 0 -7 2 -6 4 -4 6 -1 8 2 9 7 9 -64 -64/
90 -12 11 1 -10 2 -9 2 -6 1 -2 0 1 -1 3 -3 6 -5 8 -7 9 -8 9 -9 8 -9 5 -8 0 -7 -3 -6 -5 -4 -8 -2 -10 0 -11 3 -12 6 -12 8 -11 9 -9 9 -7 8 -5 7 -4 5 -3 2 -2 -64 0 1 -2 2 -2 5 -1 6 0 7 2 7 5 6 7 5 8 3 9 0 9 -2 8 -3 6 -64 -64/
91 -7 7 -3 -16 -3 16 -64 0 -2 -16 -2 16 -64 0 -3 -16 4 -16 -64 0 -3 16 4 16 -64 -64/
92 -7 7 -7 -12 7 12 -64 -64/
93 -7 7 2 -16 2 16 -64 0 3 -16 3 16 -64 0 -4 -16 3 -16 -64 0 -4 16 3 16 -64 -64/
94 -5 5 0 -7 -1 -5 -3 -2 -5 0 -64 0 0 -7 1 -5 3 -2 5 0 -64 -64/
95 -14 14 14 14 -14 14 -64 -64/
96 -5 5 1 -12 0 -11 -1 -9 -1 -7 0 -6 1 -7 0 -8 -64 -64/
97 -10 11 -1 -5 -3 -4 -5 -2 -6 0 -7 3 -7 6 -6 8 -4 9 -2 9 0 8 3 5 5 2 7 -2 8 -5 -64 0 -1 -5 1 -5 2 -4 3 -2 5 6 6 8 7 9 8 9 -64 -64/
98 -9 10 3 -12 1 -11 -1 -9 -3 -5 -4 -2 -5 2 -6 8 -7 16 -64 0 3 -12 5 -12 7 -10 7 -7 6 -5 5 -4 3 -3 0 -3 -64 0 0 -3 2 -2 4 0 5 2 5 5 4 7 3 8 1 9 -1 9 -3 8 -4 7 -5 4 -64 -64/
99 -9 10 -8 -2 -6 -4 -4 -5 -3 -5 -1 -4 0 -3 1 0 1 4 0 9 -64 0 8 -5 7 -2 6 0 0 9 -2 13 -3 16 -64 -64/
100 -9 9 2 -5 -1 -5 -3 -4 -5 -2 -6 1 -6 4 -5 7 -4 8 -2 9 0 9 2 8 4 6 5 3 5 0 4 -3 2 -5 0 -7 -1 -9 -1 -11 0 -12 2 -12 4 -11 6 -9 -64 -64/
101 -8 8 5 -3 4 -4 2 -5 -1 -5 -3 -4 -3 -2 -2 0 1 1 -64 0 1 1 -3 2 -5 4 -5 6 -4 8 -2 9 1 9 3 8 5 6 -64 -64/
102 -8 7 2 -12 0 -11 -1 -10 -1 -9 0 -8 3 -7 6 -7 -64 0 6 -7 2 -5 -1 -3 -4 0 -5 3 -5 5 -4 7 -2 9 1 11 2 13 2 15 1 16 -1 16 -2 14 -64 -64/
103 -10 10 -9 -1 -8 -3 -6 -5 -4 -5 -3 -4 -3 -2 -4 2 -6 9 -64 0 -4 2 -2 -2 0 -4 2 -5 4 -5 6 -3 6 0 5 5 2 16 -64 -64/
104 -11 10 -10 -1 -9 -3 -7 -5 -5 -5 -4 -4 -4 -2 -5 3 -5 6 -4 8 -3 9 -1 9 1 8 3 5 4 3 5 0 6 -5 6 -8 5 -11 3 -12 1 -12 0 -10 0 -8 1 -5 3 -2 5 0 8 2 -64 -64/
105 -6 5 0 -5 -2 2 -3 6 -3 8 -2 9 0 9 2 7 3 5 -64 -64/
106 -9 9 -3 -5 -7 9 -64 0 7 -4 6 -5 5 -5 3 -4 -1 0 -3 1 -4 1 -64 0 -4 1 -2 2 -1 3 1 8 2 9 3 9 4 8 -64 -64/
107 -8 8 -7 -12 -5 -12 -3 -11 -2 -10 6 9 -64 0 0 -5 -6 9 -64 -64/
108 -10 11 -3 -5 -9 16 -64 0 -4 -1 -5 4 -5 7 -3 9 -1 9 1 8 3 6 5 2 -64 0 7 -5 5 2 4 6 4 8 5 9 7 9 9 7 10 5 -64 -64/
109 -9 9 -6 -5 -3 -5 -4 1 -5 6 -6 9 -64 0 7 -5 6 -2 5 0 3 3 0 6 -3 8 -6 9 -64 -64/
110 -8 8 2 -12 0 -11 -1 -10 -1 -9 0 -8 3 -7 6 -7 -64 0 3 -7 0 -6 -2 -5 -3 -3 -3 -1 -1 1 2 2 4 2 -64 0 2 2 -2 3 -4 4 -5 6 -5 8 -3 10 1 12 2 13 2 15 0 16 -2 16 -64 -64/
111 -8 9 0 -5 -2 -4 -4 -2 -5 1 -5 4 -4 7 -3 8 -1 9 1 9 3 8 5 6 6 3 6 0 5 -3 4 -4 2 -5 0 -5 -64 -64/
112 -11 11 -2 -5 -6 9 -64 0 3 -5 4 1 5 6 6 9 -64 0 -9 -2 -7 -4 -4 -5 9 -5 -64 -64/
113 -9 9 -5 1 -5 4 -4 7 -3 8 -1 9 1 9 3 8 5 6 6 3 6 0 5 -3 4 -4 2 -5 0 -5 -2 -4 -4 -2 -5 1 -9 16 -64 -64/
114 -9 11 9 -5 -1 -5 -3 -4 -5 -2 -6 1 -6 4 -5 7 -4 8 -2 9 0 9 2 8 4 6 5 3 5 0 4 -3 3 -4 1 -5 -64 -64/
115 -10 10 1 -5 -2 9 -64 0 -8 -2 -6 -4 -3 -5 8 -5 -64 -64/
116 -10 10 -9 -1 -8 -3 -6 -5 -4 -5 -3 -4 -3 -2 -5 4 -5 7 -3 9 -1 9 2 8 4 6 6 2 7 -2 7 -5 -64 -64/
117 -11 11 -3 -4 -5 -3 -7 -1 -8 2 -8 5 -7 7 -6 8 -4 9 -1 9 2 8 5 6 7 3 8 0 8 -3 6 -5 4 -5 2 -3 0 1 -2 6 -5 16 -64 -64/
118 -9 9 -7 -5 -5 -5 -3 -3 3 14 5 16 7 16 -64 0 8 -5 7 -3 5 0 -5 11 -7 14 -8 16 -64 -64/
119 -12 11 4 -12 -4 16 -64 0 -11 -1 -10 -3 -8 -5 -6 -5 -5 -4 -5 -2 -6 3 -6 6 -5 8 -3 9 -1 9 2 8 4 6 6 3 8 -2 9 -5 -64 -64/
120 -12 11 -4 -5 -6 -4 -8 -1 -9 2 -9 5 -8 8 -7 9 -5 9 -3 8 -1 5 -64 0 0 1 -1 5 0 8 1 9 3 9 5 8 7 5 8 2 8 -1 7 -4 6 -5 -64 -64/
121 -6 10 3 3 2 1 0 0 -2 0 -4 1 -5 2 -6 4 -6 6 -5 8 -3 9 -1 9 1 8 2 6 4 0 3 5 3 8 4 9 5 9 7 8 8 7 10 4 -64 -64/
122 -5 9 -5 4 -3 1 0 -4 1 -6 2 -9 2 -11 1 -12 -1 -11 -2 -9 -3 -5 -4 2 -4 8 -3 9 -2 9 0 8 2 6 3 3 3 0 4 4 5 5 7 5 9 4 -64 -64/
123 -7 7 2 -16 0 -15 -1 -14 -2 -12 -2 -10 -1 -8 0 -7 1 -5 1 -3 -1 -1 -64 0 0 -15 -1 -13 -1 -11 0 -9 1 -8 2 -6 2 -4 1 -2 -3 0 1 2 2 4 2 6 1 8 0 9 -1 11 -1 13 0 15 -64 0 -1 1 1 3 1 5 0 7 -1 8 -2 10 -2 12 -1 14 0 15 2 16 -64 -64/
124 -4 4 0 -16 0 16 -64 -64/
125 -7 7 -2 -16 0 -15 1 -14 2 -12 2 -10 1 -8 0 -7 -1 -5 -1 -3 1 -1 -64 0 0 -15 1 -13 1 -11 0 -9 -1 -8 -2 -6 -2 -4 -1 -2 3 0 -1 2 -2 4 -2 6 -1 8 0 9 1 11 1 13 0 15 -64 0 1 1 -1 3 -1 5 0 7 1 8 2 10 2 12 1 14 0 15 -2 16 -64 -64/
126 -8 8 -6 2 -6 0 -5 -2 -3 -2 3 1 5 1 6 0 -64 0 -6 0 -5 -1 -3 -1 3 2 5 2 6 0 6 -2 -64 -64/
