32 -8 8 -64 -64/
33 -5 5 0 -1 -1 0 0 1 1 0 0 -1 -64 -64/
34 -5 5 0 -10 -1 -11 0 -12 1 -11 1 -9 0 -7 -1 -6 -64 -64/
35 -13 13 3 -5 6 -2 9 0 6 2 3 5 -64 0 -9 0 9 0 -64 -64/
36 -11 11 -9 -9 -8 -7 -7 -3 -7 3 -8 7 -9 9 -64 0 9 -9 8 -7 7 -3 7 3 8 7 9 9 -64 0 -9 -9 -7 -8 -3 -7 3 -7 7 -8 9 -9 -64 0 -9 9 -7 8 -3 7 3 7 7 8 9 9 -64 -64/
37 -7 7 -3 -16 -3 9 -64 0 3 -16 3 9 -64 -64/
38 -12 12 0 -16 0 9 -64 0 -9 9 9 9 -64 -64/
39 -12 12 9 -16 -9 9 9 9 -64 -64/
40 -13 13 0 -9 -1 -8 0 -7 1 -8 0 -9 -64 0 -9 7 -10 8 -9 9 -8 8 -9 7 -64 0 9 7 8 8 9 9 10 8 9 7 -64 -64/
41 -12 12 0 -10 -4 -6 -7 -2 -8 1 -8 3 -7 5 -5 6 -3 6 -1 5 0 3 -64 0 0 -10 4 -6 7 -2 8 1 8 3 7 5 5 6 3 6 1 5 0 3 -64 0 0 3 -1 7 -2 10 -64 0 0 3 1 7 2 10 -64 0 -2 10 2 10 -64 -64/
42 -12 12 0 -4 -1 -7 -2 -9 -4 -10 -5 -10 -7 -9 -8 -7 -8 -3 -7 0 -6 2 -4 5 0 10 -64 0 0 -4 1 -7 2 -9 4 -10 5 -10 7 -9 8 -7 8 -3 7 0 6 2 4 5 0 10 -64 -64/
43 -12 12 0 -11 -2 -8 -6 -3 -9 0 -64 0 0 -11 2 -8 6 -3 9 0 -64 0 -9 0 -6 3 -2 8 0 11 -64 0 9 0 6 3 2 8 0 11 -64 -64/
44 -12 12 0 2 2 5 4 6 6 6 8 5 9 3 9 1 8 -1 6 -2 4 -2 1 -1 -64 0 1 -1 3 -3 4 -5 4 -7 3 -9 1 -10 -1 -10 -3 -9 -4 -7 -4 -5 -3 -3 -1 -1 -64 0 -1 -1 -4 -2 -6 -2 -8 -1 -9 1 -9 3 -8 5 -6 6 -4 6 -2 5 0 2 -64 0 0 2 -1 7 -2 10 -64 0 0 2 1 7 2 10 -64 0 -2 10 2 10 -64 -64/
45 -12 12 0 0 0 9 -1 10 -64 0 0 4 -1 10 -64 0 0 -9 -1 -10 -3 -10 -4 -9 -4 -7 -3 -4 0 0 -64 0 0 -9 1 -10 3 -10 4 -9 4 -7 3 -4 0 0 -64 0 0 0 -4 -3 -6 -4 -8 -4 -9 -3 -9 -1 -8 0 -64 0 0 0 4 -3 6 -4 8 -4 9 -3 9 -1 8 0 -64 0 0 0 -4 3 -6 4 -8 4 -9 3 -9 1 -8 0 -64 0 0 0 4 3 6 4 8 4 9 3 9 1 8 0 -64 -64/
46 -12 12 -9 1 -8 1 -6 2 -5 4 -5 6 -6 8 -64 0 -9 1 -9 0 -8 -1 -6 -1 -5 0 -4 2 -4 5 -5 7 -6 8 -64 0 0 -11 -2 -9 -3 -6 -3 -3 -1 3 -1 6 -2 8 0 10 -64 0 0 -11 2 -9 3 -6 3 -3 1 3 1 6 2 8 0 10 -64 0 9 1 9 0 8 -1 6 -1 5 0 4 2 4 5 5 7 6 8 -64 0 9 1 8 1 6 2 5 4 5 6 6 8 -64 0 -7 4 7 4 -64 -64/
47 -2 1 1 0 0 1 -1 1 -2 0 -2 -1 -1 -2 0 -2 1 -1 1 1 0 3 -1 4 -64 0 -1 -1 -1 0 0 0 0 -1 -1 -1 -64 -64/
48 -2 2 -1 -2 -2 -1 -2 1 -1 2 1 2 2 1 2 -1 1 -2 -1 -2 -64 0 0 -1 -1 0 0 1 1 0 0 -1 -64 -64/
49 -4 4 -2 -3 2 3 -64 0 2 -3 -2 3 -64 0 -4 0 4 0 -64 -64/
50 -6 0 -6 -12 -6 0 0 0 -6 -12 -64 0 -6 -9 -2 -1 -64 0 -6 -6 -3 0 -64 0 -6 -3 -5 -1 -64 -64/
51 -5 5 0 -7 -1 -5 -3 -2 -5 0 -64 0 0 -7 1 -5 3 -2 5 0 -64 -64/
52 -5 5 5 0 5 -1 4 -3 3 -4 1 -5 -1 -5 -3 -4 -4 -3 -5 -1 -5 0 -64 -64/
53 -11 11 11 0 11 -2 10 -5 8 -8 5 -10 2 -11 -2 -11 -5 -10 -8 -8 -10 -5 -11 -2 -11 0 -64 -64/
54 -5 5 -5 0 -5 1 -4 3 -3 4 -1 5 1 5 3 4 4 3 5 1 5 0 -64 -64/
55 -6 6 -6 -2 -4 0 -1 1 1 1 4 0 6 -2 -64 -64/
56 0 3 0 3 2 2 3 0 2 -2 0 -3 -64 -64/
57 0 4 0 0 3 -2 4 -4 4 -6 3 -7 2 -7 -64 -64/
58 -4 0 0 0 -3 -2 -4 -4 -4 -6 -3 -7 -2 -7 -64 -64/
59 -5 5 5 -10 4 -11 2 -12 -1 -12 -3 -11 -4 -10 -5 -8 -5 -6 -4 -4 -3 -3 3 1 4 2 5 4 5 6 4 8 3 9 1 10 -2 10 -4 9 -5 8 -64 -64/
60 -11 11 -9 5 -10 4 -11 2 -11 -1 -10 -3 -9 -4 -7 -5 -5 -5 -3 -4 -2 -3 2 3 3 4 5 5 7 5 9 4 10 3 11 1 11 -2 10 -4 9 -5 -64 -64/
61 -11 11 0 0 2 3 3 4 5 5 7 5 9 4 10 3 11 1 11 -1 10 -3 9 -4 7 -5 5 -5 3 -4 2 -3 -2 3 -3 4 -5 5 -7 5 -9 4 -10 3 -11 1 -11 -1 -10 -3 -9 -4 -7 -5 -5 -5 -3 -4 -2 -3 0 0 -64 -64/
62 -10 10 -7 -12 -7 9 -64 0 -10 -12 9 -12 -1 -2 9 8 -64 0 8 4 9 7 10 9 -64 0 8 4 8 7 -64 0 5 7 8 7 -64 0 5 7 8 8 10 9 -64 -64/
63 -7 7 3 -17 0 -16 -2 -15 -4 -13 -6 -10 -7 -6 -7 0 -6 3 -4 5 -1 6 1 6 4 5 6 3 7 0 -64 0 -7 -2 -6 -5 -4 -7 -1 -8 1 -8 4 -7 6 -5 7 -2 7 4 6 8 4 11 2 13 0 14 -3 15 -64 -64/
64 -20 20 -20 0 20 0 -64 -64/
65 -14 14 -14 14 14 -14 -64 -64/
66 0 0 0 -20 0 20 -64 -64/
67 -14 14 -14 -14 14 14 -64 -64/
68 -14 14 -14 0 14 0 -64 -64/
69 -12 12 -12 7 12 -7 -64 -64/
70 -7 7 -7 12 7 -12 -64 -64/
71 0 0 0 -14 0 14 -64 -64/
72 -7 7 -7 -12 7 12 -64 -64/
73 -12 12 -12 -7 12 7 -64 -64/
74 -7 7 -7 0 7 0 -64 -64/
75 -5 5 -5 5 5 -5 -64 -64/
76 0 0 0 -7 0 7 -64 -64/
77 -5 5 -5 -5 5 5 -64 -64/
78 -11 0 0 -11 -2 -11 -5 -10 -8 -8 -10 -5 -11 -2 -11 0 -64 -64/
79 -11 0 -11 0 -11 2 -10 5 -8 8 -5 10 -2 11 0 11 -64 -64/
80 0 11 0 11 2 11 5 10 8 8 10 5 11 2 11 0 -64 -64/
81 0 11 11 0 11 -2 10 -5 8 -8 5 -10 2 -11 0 -11 -64 -64/
82 -14 14 -14 -3 -11 -1 -7 1 -2 2 2 2 7 1 11 -1 14 -3 -64 -64/
83 -2 3 3 -14 1 -11 -1 -7 -2 -2 -2 2 -1 7 1 11 3 14 -64 -64/
84 -3 2 -3 -14 -1 -11 1 -7 2 -2 2 2 1 7 -1 11 -3 14 -64 -64/
85 -14 14 -14 3 -11 1 -7 -1 -2 -2 2 -2 7 -1 11 1 14 3 -64 -64/
86 -7 7 0 -8 7 -4 -7 4 0 8 -64 -64/
87 -8 8 -8 0 -4 -7 4 7 8 0 -64 -64/
88 -7 7 -7 4 -7 -4 7 4 7 -4 -64 -64/
89 -8 8 -6 6 -8 -2 8 2 6 -6 -64 -64/
90 -8 8 -8 11 -6 11 -3 10 -1 9 2 6 3 4 4 1 4 -3 3 -6 2 -8 1 -9 -1 -9 -2 -8 -3 -6 -4 -3 -4 1 -3 4 -2 6 1 9 3 10 6 11 8 11 -64 -64/
91 -9 11 11 8 11 6 10 3 9 1 6 -2 4 -3 1 -4 -3 -4 -6 -3 -8 -2 -9 -1 -9 1 -8 2 -6 3 -3 4 1 4 4 3 6 2 9 -1 10 -3 11 -6 11 -8 -64 -64/
92 -8 8 8 -11 6 -11 3 -10 1 -9 -2 -6 -3 -4 -4 -1 -4 3 -3 6 -2 8 -1 9 1 9 2 8 3 6 4 3 4 -1 3 -4 2 -6 -1 -9 -3 -10 -6 -11 -8 -11 -64 -64/
93 -11 9 -11 -8 -11 -6 -10 -3 -9 -1 -6 2 -4 3 -1 4 3 4 6 3 8 2 9 1 9 -1 8 -2 6 -3 3 -4 -1 -4 -4 -3 -6 -2 -9 1 -10 3 -11 6 -11 8 -64 -64/
94 -13 9 -13 -2 -12 0 -10 2 -8 3 -5 4 -1 4 3 3 6 1 8 -2 9 -4 8 -6 5 -6 1 -5 -1 -4 -4 -2 -6 1 -7 4 -7 7 -6 10 -5 12 -64 -64/
95 -13 7 -13 2 -10 4 -7 5 -2 5 1 4 4 2 6 -1 7 -4 7 -6 6 -7 4 -7 1 -6 -2 -4 -4 -1 -5 2 -5 7 -4 10 -2 13 -64 -64/
96 -3 3 -1 -3 -3 -1 -3 1 -1 3 1 3 3 1 3 -1 1 -3 -1 -3 -64 0 -1 -2 -2 -1 -2 1 -1 2 1 2 2 1 2 -1 1 -2 -1 -2 -64 0 0 -1 -1 0 0 1 1 0 0 -1 -64 -64/
97 0 5 0 -5 1 -5 3 -4 4 -3 5 -1 5 1 4 3 3 4 1 5 0 5 -64 -64/
98 -14 14 -14 0 -8 0 -64 0 -3 0 3 0 -64 0 8 0 14 0 -64 -64/
99 -14 14 -14 3 -14 -3 14 -3 14 3 -64 -64/
100 -8 8 0 -14 -8 0 -64 0 0 -14 8 0 -64 -64/
101 -14 14 -14 0 14 0 -64 0 -8 7 8 7 -64 0 -2 14 2 14 -64 -64/
102 -14 14 -14 0 14 0 -64 0 -14 0 0 16 -64 0 14 0 0 16 -64 -64/
103 -7 7 -1 -7 -4 -6 -6 -4 -7 -1 -7 1 -6 4 -4 6 -1 7 1 7 4 6 6 4 7 1 7 -1 6 -4 4 -6 1 -7 -1 -7 -64 -64/
104 -6 6 -6 -6 -6 6 6 6 6 -6 -6 -6 -64 -64/
105 -7 7 0 -8 -7 4 7 4 0 -8 -64 -64/
106 -6 6 0 -10 -6 0 0 10 6 0 0 -10 -64 -64/
107 -8 8 0 -9 -2 -3 -8 -3 -3 1 -5 7 0 3 5 7 3 1 8 -3 2 -3 0 -9 -64 -64/
108 -4 4 -1 -4 -3 -3 -4 -1 -4 1 -3 3 -1 4 1 4 3 3 4 1 4 -1 3 -3 1 -4 -1 -4 -64 0 -3 -1 -3 1 -64 0 -2 -2 -2 2 -64 0 -1 -3 -1 3 -64 0 0 -3 0 3 -64 0 1 -3 1 3 -64 0 2 -2 2 2 -64 0 3 -1 3 1 -64 -64/
109 -4 4 -4 -4 -4 4 4 4 4 -4 -4 -4 -64 0 -3 -3 -3 3 -64 0 -2 -3 -2 3 -64 0 -1 -3 -1 3 -64 0 0 -3 0 3 -64 0 1 -3 1 3 -64 0 2 -3 2 3 -64 0 3 -3 3 3 -64 -64/
110 -5 5 0 -6 -5 3 5 3 0 -6 -64 0 0 -3 -3 2 -64 0 0 -3 3 2 -64 0 0 0 -1 2 -64 0 0 0 1 2 -64 -64/
111 -6 3 -6 0 3 5 3 -5 -6 0 -64 0 -3 0 2 3 -64 0 -3 0 2 -3 -64 0 0 0 2 1 -64 0 0 0 2 -1 -64 -64/
112 -5 5 0 6 5 -3 -5 -3 0 6 -64 0 0 3 3 -2 -64 0 0 3 -3 -2 -64 0 0 0 1 -2 -64 0 0 0 -1 -2 -64 -64/
113 -3 6 6 0 -3 -5 -3 5 6 0 -64 0 3 0 -2 -3 -64 0 3 0 -2 3 -64 0 0 0 -2 -1 -64 0 0 0 -2 1 -64 -64/
114 -6 6 0 -6 -4 5 6 -2 -6 -2 4 5 0 -6 -64 0 0 0 0 -6 -64 0 0 0 -6 -2 -64 0 0 0 -4 5 -64 0 0 0 4 5 -64 0 0 0 6 -2 -64 -64/
115 0 7 0 -7 0 7 -64 0 0 -7 7 -4 0 -1 -64 0 1 -5 4 -4 1 -3 -64 -64/
116 -5 5 0 -6 0 6 -64 0 -3 -3 3 -3 -64 0 -5 3 -3 5 -1 6 1 6 3 5 5 3 -64 -64/
117 -6 6 0 -6 0 6 -64 0 -6 -1 -5 -3 5 -3 6 -1 -64 0 -2 5 2 5 -64 -64/
118 -7 7 -5 -4 5 6 -64 0 5 -4 -5 6 -64 0 -3 -6 -6 -3 -7 -1 -64 0 3 -6 6 -3 7 -1 -64 -64/
119 -9 9 -4 -9 -9 9 -64 0 4 -9 9 9 -64 0 -5 -5 9 9 -64 0 5 -5 -9 9 -64 0 -4 -9 4 -9 -64 0 -5 -5 5 -5 -64 -64/
120 -9 9 0 -11 0 4 -64 0 -5 -8 5 -2 -64 0 5 -8 -5 -2 -64 0 -9 4 -6 10 -64 0 9 4 6 10 -64 0 -9 4 9 4 -64 0 -6 10 6 10 -64 -64/
121 -11 9 -5 -8 1 4 -64 0 -7 -2 1 -6 -64 0 -11 10 9 10 9 0 -11 10 -64 -64/
122 -6 6 -2 -6 -2 -2 -6 -2 -6 2 -2 2 -2 6 2 6 2 2 6 2 6 -2 2 -2 2 -6 -2 -6 -64 -64/
123 -7 7 7 -2 6 -4 4 -6 1 -7 -1 -7 -4 -6 -6 -4 -7 -1 -7 1 -6 4 -4 6 -1 7 1 7 4 6 6 4 7 2 -64 0 7 -2 5 -4 3 -5 1 -5 -1 -4 -2 -3 -3 -1 -3 1 -2 3 -1 4 1 5 3 5 5 4 7 2 -64 -64/
124 -7 7 0 -8 -7 4 7 4 0 -8 -64 0 0 8 7 -4 -7 -4 0 8 -64 -64/
125 -11 11 -2 -9 -2 -11 -1 -12 1 -12 2 -11 2 -9 -64 0 -11 8 -10 6 -8 4 -7 2 -6 -2 -6 -7 -5 -8 -3 -9 3 -9 5 -8 6 -7 6 -2 7 2 8 4 10 6 11 8 -64 0 -11 8 11 8 -64 0 -1 8 -2 9 -1 10 1 10 2 9 1 8 -64 -64/
126 -8 8 0 -5 0 1 -64 0 0 1 -1 10 -64 0 0 1 1 10 -64 0 -1 10 1 10 -64 0 0 -5 -1 -8 -2 -10 -4 -11 -64 0 -1 -8 -4 -11 -64 0 0 -5 1 -8 2 -10 4 -11 -64 0 1 -8 4 -11 -64 0 0 -5 -4 -7 -6 -7 -8 -5 -64 0 -2 -6 -6 -6 -8 -5 -64 0 0 -5 4 -7 6 -7 8 -5 -64 0 2 -6 6 -6 8 -5 -64 0 0 -5 -2 -4 -3 -3 -3 0 -64 0 0 -5 -2 -3 -3 0 -64 0 0 -5 2 -4 3 -3 3 0 -64 0 0 -5 2 -3 3 0 -64 -64/
127 -8 8 0 -9 0 -7 -64 0 0 -4 0 -2 -64 0 0 1 0 3 -64 0 0 7 -1 10 -64 0 0 7 1 10 -64 0 -1 10 1 10 -64 0 0 -11 -1 -9 -2 -8 -64 0 0 -11 1 -9 2 -8 -64 0 -2 -8 0 -9 2 -8 -64 0 0 -7 -2 -4 -4 -3 -5 -4 -64 0 0 -7 2 -4 4 -3 5 -4 -64 0 -4 -3 -2 -3 0 -4 2 -3 4 -3 -64 0 0 -2 -2 1 -4 2 -6 2 -7 0 -7 1 -6 2 -64 0 0 -2 2 1 4 2 6 2 7 0 7 1 6 2 -64 0 -4 2 -2 2 0 1 2 2 4 2 -64 0 0 3 -2 6 -3 7 -5 8 -6 8 -7 7 -8 5 -8 7 -6 8 -64 0 0 3 2 6 3 7 5 8 6 8 7 7 8 5 8 7 6 8 -64 0 -5 8 -3 8 0 7 3 8 5 8 -64 -64/
128 -8 8 0 7 -1 10 -64 0 0 7 1 10 -64 0 -1 10 1 10 -64 0 0 7 3 8 6 8 8 6 8 3 7 2 5 2 7 0 8 -3 7 -5 5 -6 3 -5 4 -8 3 -10 1 -11 -1 -11 -3 -10 -4 -8 -3 -5 -5 -6 -7 -5 -8 -3 -7 0 -5 2 -7 2 -8 3 -8 6 -6 8 -3 8 0 7 -64 -64/
129 -8 8 0 7 -1 10 -64 0 0 7 1 10 -64 0 -1 10 1 10 -64 0 0 7 4 6 4 4 6 3 6 0 8 -1 8 -6 7 -9 6 -10 4 -10 2 -11 -2 -11 -4 -10 -6 -10 -7 -9 -8 -6 -8 -1 -6 0 -6 3 -4 4 -4 6 0 7 -64 -64/
130 -6 7 -5 -1 -4 -3 -2 -5 1 -5 2 -4 2 -1 0 5 0 8 1 9 -64 0 0 -5 1 -4 1 -1 -1 5 -1 8 0 9 3 9 5 7 6 5 -64 -64/
131 -5 5 0 -7 -1 -5 -3 -2 -5 0 -64 0 0 -7 1 -5 3 -2 5 0 -64 0 0 -5 -3 -1 -64 0 0 -5 3 -1 -64 0 0 -3 -2 -1 -64 0 0 -3 2 -1 -64 0 -1 -1 1 -1 -64 0 -5 0 5 0 -64 -64/
132 -5 5 -5 0 -5 -1 -4 -3 -3 -4 -1 -5 1 -5 3 -4 4 -3 5 -1 5 0 -64 0 -2 -4 2 -4 -64 0 -3 -3 3 -3 -64 0 -4 -2 4 -2 -64 0 -4 -1 4 -1 -64 0 -5 0 5 0 -64 -64/
133 -9 9 -9 -2 -7 0 -64 0 -6 -7 -4 -2 -64 0 0 -11 0 -3 -64 0 6 -7 4 -2 -64 0 9 -2 7 0 -64 -64/
134 -1 1 0 -1 -1 0 0 1 1 0 0 -1 -64 -64/
135 -2 2 -1 -2 -2 -1 -2 1 -1 2 1 2 2 1 2 -1 1 -2 -1 -2 -64 -64/
136 -4 4 -1 -4 -3 -3 -4 -1 -4 1 -3 3 -1 4 1 4 3 3 4 1 4 -1 3 -3 1 -4 -1 -4 -64 -64/
137 -5 5 -1 -5 -3 -4 -4 -3 -5 -1 -5 1 -4 3 -3 4 -1 5 1 5 3 4 4 3 5 1 5 -1 4 -3 3 -4 1 -5 -1 -5 -64 -64/
138 -7 7 -1 -7 -4 -6 -6 -4 -7 -1 -7 1 -6 4 -4 6 -1 7 1 7 4 6 6 4 7 1 7 -1 6 -4 4 -6 1 -7 -1 -7 -64 -64/
139 -11 11 -2 -11 -5 -10 -8 -8 -10 -5 -11 -2 -11 2 -10 5 -8 8 -5 10 -2 11 2 11 5 10 8 8 10 5 11 2 11 -2 10 -5 8 -8 5 -10 2 -11 -2 -11 -64 -64/
140 -17 17 -2 -17 -6 -16 -8 -15 -11 -13 -13 -11 -15 -8 -16 -6 -17 -2 -17 2 -16 6 -15 8 -13 11 -11 13 -8 15 -6 16 -2 17 2 17 6 16 8 15 11 13 13 11 15 8 16 6 17 2 17 -2 16 -6 15 -8 13 -11 11 -13 8 -15 6 -16 2 -17 -2 -17 -64 -64/
141 -22 22 -2 -22 -7 -21 -11 -19 -14 -17 -17 -14 -19 -11 -21 -7 -22 -2 -22 2 -21 7 -19 11 -17 14 -14 17 -11 19 -7 21 -2 22 2 22 7 21 11 19 14 17 17 14 19 11 21 7 22 2 22 -2 21 -7 19 -11 17 -14 14 -17 11 -19 7 -21 2 -22 -2 -22 -64 -64/
142 -41 41 -3 -41 -9 -40 -13 -39 -18 -37 -23 -34 -27 -31 -31 -27 -34 -23 -37 -18 -39 -13 -40 -9 -41 -3 -41 3 -40 9 -39 13 -37 18 -34 23 -31 27 -27 31 -23 34 -18 37 -13 39 -9 40 -3 41 3 41 9 40 13 39 18 37 23 34 27 31 31 27 34 23 37 18 39 13 40 9 41 3 41 -3 40 -9 39 -13 37 -18 34 -23 31 -27 27 -31 23 -34 18 -37 13 -39 9 -40 3 -41 -3 -41 -64 -64/
143 -20 20 0 -17 -2 -15 -5 -14 -8 -14 -11 -15 -13 -17 -20 -10 -18 -8 -17 -5 -17 8 -16 11 -14 13 -11 14 -5 14 -2 15 0 17 -64 0 0 -17 2 -15 5 -14 8 -14 11 -15 13 -17 20 -10 18 -8 17 -5 17 8 16 11 14 13 11 14 5 14 2 15 0 17 -64 -64/
144 -17 17 0 -17 -2 -15 -5 -14 -8 -14 -11 -15 -13 -17 -16 -11 -17 -7 -17 -2 -16 2 -14 6 -11 10 -6 14 0 17 -64 0 0 -17 2 -15 5 -14 8 -14 11 -15 13 -17 16 -11 17 -7 17 -2 16 2 14 6 11 10 6 14 0 17 -64 0 -16 -10 16 -10 -64 -64/
145 -10 9 0 -7 1 -6 1 -5 2 -5 2 -6 0 -7 -3 -7 -5 -6 -6 -4 -6 6 -64 0 -3 -7 -4 -6 -5 -4 -5 6 -64 0 6 -7 7 -6 7 -5 8 -5 8 -6 6 -7 4 -7 2 -5 2 6 -64 0 4 -7 3 -5 3 6 -64 0 -8 -3 5 -3 -64 0 -8 6 -3 6 -64 0 0 6 5 6 -64 -64/
146 -8 9 3 -7 4 -6 5 -6 5 -7 -1 -7 -3 -6 -4 -4 -4 6 -64 0 -1 -7 -2 -6 -3 -4 -3 6 -64 0 4 -3 4 6 -64 0 5 -3 5 6 -64 0 -6 -3 5 -3 -64 0 -6 6 -1 6 -64 0 2 6 7 6 -64 -64/
147 -8 9 5 -7 -1 -7 -3 -6 -4 -4 -4 6 -64 0 -1 -7 -2 -6 -3 -4 -3 6 -64 0 3 -7 4 -6 4 6 -64 0 5 -7 5 6 -64 0 -6 -3 4 -3 -64 0 -6 6 -1 6 -64 0 2 6 7 6 -64 -64/
148 -12 13 -2 -7 -1 -6 -1 -5 0 -5 0 -6 -2 -7 -5 -7 -7 -6 -8 -4 -8 6 -64 0 -5 -7 -6 -6 -7 -4 -7 6 -64 0 7 -7 8 -6 9 -6 9 -7 3 -7 1 -6 0 -4 0 6 -64 0 3 -7 2 -6 1 -4 1 6 -64 0 8 -3 8 6 -64 0 9 -3 9 6 -64 0 -10 -3 9 -3 -64 0 -10 6 -5 6 -64 0 -2 6 3 6 -64 0 6 6 11 6 -64 -64/
149 -12 13 -2 -7 -1 -6 -1 -5 0 -5 0 -6 -2 -7 -5 -7 -7 -6 -8 -4 -8 6 -64 0 -5 -7 -6 -6 -7 -4 -7 6 -64 0 9 -7 3 -7 1 -6 0 -4 0 6 -64 0 3 -7 2 -6 1 -4 1 6 -64 0 7 -7 8 -6 8 6 -64 0 9 -7 9 6 -64 0 -10 -3 8 -3 -64 0 -10 6 -5 6 -64 0 -2 6 3 6 -64 0 6 6 11 6 -64 -64/
150 -4 5 0 -3 0 6 -64 0 1 -3 1 6 -64 0 -2 -3 1 -3 -64 0 -2 6 3 6 -64 -64/
151 -6 6 4 -2 2 -3 0 -3 -2 -2 -3 -1 -4 1 -4 3 -3 5 -1 6 1 6 3 5 -64 0 0 -3 -2 -1 -3 1 -3 4 -1 6 -64 0 -3 1 1 1 -64 -64/
152 -6 7 1 -7 -1 -6 -2 -5 -3 -3 -4 0 -4 3 -3 5 -2 6 0 6 2 5 3 4 4 2 5 -1 5 -4 4 -6 3 -7 1 -7 -64 0 1 -7 -1 -5 -2 -3 -3 1 -3 4 -2 6 -64 0 0 6 2 4 3 2 4 -2 4 -5 3 -7 -64 0 -3 -1 4 -1 -64 -64/
153 -7 8 2 -7 -1 10 -64 0 3 -7 -2 10 -64 0 -1 -3 -4 -2 -5 0 -5 3 -4 5 -1 6 2 6 5 5 6 3 6 0 5 -2 2 -3 -1 -3 -64 0 -1 -3 -3 -2 -4 0 -4 3 -3 5 -1 6 -64 0 2 6 4 5 5 3 5 0 4 -2 2 -3 -64 -64/
154 -6 6 3 -2 4 0 4 -1 3 -2 1 -3 -1 -3 -3 -2 -4 0 -4 2 -3 4 0 6 -64 0 -1 -3 -3 -1 -3 2 -2 4 0 6 1 7 1 9 0 10 -2 10 -64 -64/
155 -9 9 4 -7 5 -6 6 -6 4 -7 1 -7 -1 -6 -2 -5 -3 -3 -6 7 -7 9 -8 10 -64 0 1 -7 -1 -5 -2 -3 -5 7 -6 9 -8 10 -10 10 -10 9 -9 10 -64 0 8 -7 9 -6 9 -7 7 -7 5 -6 4 -4 1 7 0 9 -1 10 -64 0 7 -7 6 -6 5 -4 2 7 1 9 -1 10 -3 10 -3 9 -2 10 -64 0 -6 -3 7 -3 -64 -64/
156 -9 8 4 -7 5 -6 6 -6 6 -7 1 -7 -1 -6 -2 -5 -3 -3 -6 7 -7 9 -8 10 -64 0 1 -7 -1 -5 -2 -3 -5 7 -6 9 -8 10 -10 10 -10 9 -9 10 -64 0 4 -3 2 4 2 5 3 6 5 6 6 5 7 3 -64 0 5 -3 3 4 3 5 4 6 -64 0 -6 -3 5 -3 -64 -64/
157 -9 8 4 -7 5 -6 -64 0 6 -7 1 -7 -1 -6 -2 -5 -3 -3 -6 7 -7 9 -8 10 -64 0 1 -7 -1 -5 -2 -3 -5 7 -6 9 -8 10 -10 10 -10 9 -9 10 -64 0 5 -7 2 4 2 5 3 6 5 6 6 5 7 3 -64 0 6 -7 3 4 3 5 4 6 -64 0 -6 -3 4 -3 -64 -64/
158 -12 12 1 -7 2 -6 2 -5 -64 0 3 -6 1 -7 -2 -7 -4 -6 -5 -5 -6 -3 -9 7 -10 9 -11 10 -64 0 -2 -7 -4 -5 -5 -3 -8 7 -9 9 -11 10 -13 10 -13 9 -12 10 -64 0 8 -7 9 -6 10 -6 10 -7 5 -7 3 -6 -64 0 2 -5 1 -3 -2 7 -3 9 -4 10 -64 0 5 -7 3 -5 2 -3 -1 7 -2 9 -4 10 -6 10 -6 9 -5 10 -64 0 8 -3 6 4 6 5 7 6 9 6 10 5 11 3 -64 0 9 -3 7 4 7 5 8 6 -64 0 -9 -3 9 -3 -64 -64/
159 -12 12 1 -7 2 -6 2 -5 -64 0 3 -6 1 -7 -2 -7 -4 -6 -5 -5 -6 -3 -9 7 -10 9 -11 10 -64 0 -2 -7 -4 -5 -5 -3 -8 7 -9 9 -11 10 -13 10 -13 9 -12 10 -64 0 8 -7 9 -6 -64 0 10 -7 5 -7 3 -6 -64 0 2 -5 1 -3 -2 7 -3 9 -4 10 -64 0 5 -7 3 -5 2 -3 -1 7 -2 9 -4 10 -6 10 -6 9 -5 10 -64 0 9 -7 6 4 6 5 7 6 9 6 10 5 11 3 -64 0 10 -7 7 4 7 5 8 6 -64 0 -9 -3 8 -3 -64 -64/
170 -5 5 -4 0 -3 -2 -2 -3 0 -3 1 -2 1 0 0 3 0 5 1 6 -64 0 -1 -3 0 -2 0 0 -1 3 -1 5 0 6 2 6 3 5 4 3 -64 -64/
171 -6 7 -1 -7 -3 -6 -4 -3 -4 2 -3 5 -1 6 2 6 4 5 5 2 5 -3 4 -6 2 -7 -1 -7 -64 0 -1 -7 -2 -6 -3 -3 -3 2 -2 5 -1 6 -64 0 2 6 3 5 4 2 4 -3 3 -6 2 -7 -64 -64/
172 -11 12 4 -11 3 -10 4 -9 5 -10 5 -11 3 -12 0 -12 -3 -11 -5 -9 -6 -6 -6 9 -64 0 0 -12 -2 -11 -4 -9 -5 -6 -5 9 -64 0 10 -11 9 -10 10 -9 11 -10 11 -11 10 -12 8 -12 6 -11 5 -9 5 9 -64 0 8 -12 7 -11 6 -9 6 9 -64 0 -9 -5 9 -5 -64 0 -9 9 -2 9 -64 0 2 9 9 9 -64 -64/
173 -11 11 5 -11 4 -10 5 -9 6 -10 5 -11 3 -12 0 -12 -3 -11 -5 -9 -6 -6 -6 9 -64 0 0 -12 -2 -11 -4 -9 -5 -6 -5 9 -64 0 5 -5 5 9 -64 0 6 -5 6 9 -64 0 -9 -5 6 -5 -64 0 -9 9 -2 9 -64 0 2 9 9 9 -64 -64/
174 -11 11 4 -11 3 -10 4 -9 5 -10 5 -11 3 -12 -64 0 6 -12 0 -12 -3 -11 -5 -9 -6 -6 -6 9 -64 0 0 -12 -2 -11 -4 -9 -5 -6 -5 9 -64 0 5 -10 5 9 -64 0 6 -12 6 9 -64 0 -9 -5 5 -5 -64 0 -9 9 -2 9 -64 0 2 9 9 9 -64 -64/
175 -16 17 0 -11 -1 -10 0 -9 1 -10 0 -11 -2 -12 -5 -12 -8 -11 -10 -9 -11 -6 -11 9 -64 0 -5 -12 -7 -11 -9 -9 -10 -6 -10 9 -64 0 11 -11 10 -10 11 -9 12 -10 11 -11 9 -12 6 -12 3 -11 1 -9 0 -6 0 9 -64 0 6 -12 4 -11 2 -9 1 -6 1 9 -64 0 11 -5 11 9 -64 0 12 -5 12 9 -64 0 -14 -5 12 -5 -64 0 -14 9 -7 9 -64 0 -3 9 4 9 -64 0 8 9 15 9 -64 -64/
176 -16 17 0 -11 -1 -10 0 -9 1 -10 0 -11 -2 -12 -5 -12 -8 -11 -10 -9 -11 -6 -11 9 -64 0 -5 -12 -7 -11 -9 -9 -10 -6 -10 9 -64 0 10 -11 9 -10 10 -9 11 -10 11 -11 9 -12 -64 0 12 -12 6 -12 3 -11 1 -9 0 -6 0 9 -64 0 6 -12 4 -11 2 -9 1 -6 1 9 -64 0 11 -10 11 9 -64 0 12 -12 12 9 -64 0 -14 -5 11 -5 -64 0 -14 9 -7 9 -64 0 -3 9 4 9 -64 0 8 9 15 9 -64 -64/
177 -5 6 0 -5 0 9 -64 0 1 -5 1 9 -64 0 -3 -5 1 -5 -64 0 -3 9 4 9 -64 -64/
178 -9 8 5 -4 3 -5 0 -5 -3 -4 -5 -2 -6 1 -6 4 -5 7 -4 8 -1 9 2 9 4 8 -64 0 0 -5 -2 -4 -4 -2 -5 1 -5 4 -4 7 -3 8 -1 9 -64 0 -5 2 3 2 -64 -64/
179 -9 10 2 -12 -1 -11 -3 -8 -4 -6 -5 -3 -6 2 -6 6 -5 8 -3 9 -1 9 2 8 4 5 5 3 6 0 7 -5 7 -9 6 -11 4 -12 2 -12 -64 0 2 -12 0 -11 -2 -8 -3 -6 -4 -3 -5 2 -5 6 -4 8 -3 9 -64 0 -1 9 1 8 3 5 4 3 5 0 6 -5 6 -9 5 -11 4 -12 -64 0 -4 -2 5 -2 -64 -64/
180 -11 11 3 -12 -3 16 -64 0 4 -12 -4 16 -64 0 -1 -5 -5 -4 -7 -2 -8 1 -8 4 -7 6 -5 8 -2 9 1 9 5 8 7 6 8 3 8 0 7 -2 5 -4 2 -5 -1 -5 -64 0 -1 -5 -4 -4 -6 -2 -7 1 -7 4 -6 6 -4 8 -2 9 -64 0 1 9 4 8 6 6 7 3 7 0 6 -2 4 -4 2 -5 -64 -64/
181 -9 9 2 -5 4 -4 6 -2 6 -3 5 -4 2 -5 -1 -5 -4 -4 -5 -3 -6 -1 -6 1 -5 3 -3 5 1 8 -64 0 -1 -5 -3 -4 -4 -3 -5 -1 -5 1 -4 3 1 8 2 10 2 12 1 13 -1 13 -64 -64/
182 -11 11 -6 -5 -7 -4 -8 -2 -8 0 -7 3 -3 7 -2 9 -64 0 -8 0 -7 2 -3 6 -2 9 -2 11 -3 14 -5 16 -6 16 -7 15 -8 13 -8 10 -7 6 -5 2 -3 -1 0 -4 2 -5 4 -5 7 -4 8 -2 8 2 7 6 5 8 3 9 2 9 1 8 1 6 2 5 3 6 2 7 -64 0 4 -5 6 -4 7 -2 7 2 6 6 5 8 -64 -64/
183 -13 13 7 -11 6 -10 7 -9 8 -10 7 -11 5 -12 2 -12 -1 -11 -3 -9 -4 -7 -5 -4 -6 0 -8 9 -9 13 -10 15 -64 0 2 -12 0 -11 -2 -9 -3 -7 -4 -4 -6 5 -7 9 -8 12 -9 14 -10 15 -12 16 -14 16 -15 15 -15 14 -14 13 -13 14 -14 15 -64 0 13 -11 12 -10 13 -9 14 -10 14 -11 13 -12 11 -12 9 -11 8 -10 7 -8 6 -5 3 9 2 13 1 15 -64 0 11 -12 9 -10 8 -8 7 -4 5 5 4 9 3 12 2 14 1 15 -1 16 -3 16 -4 15 -4 14 -3 13 -2 14 -3 15 -64 0 -9 -5 12 -5 -64 -64/
184 -12 12 9 -11 8 -10 9 -9 10 -10 9 -11 6 -12 3 -12 0 -11 -2 -9 -3 -7 -4 -4 -5 0 -7 9 -8 13 -9 15 -64 0 3 -12 1 -11 -1 -9 -2 -7 -3 -4 -5 5 -6 9 -7 12 -8 14 -9 15 -11 16 -13 16 -14 15 -14 14 -13 13 -12 14 -13 15 -64 0 7 -5 5 2 4 6 4 8 5 9 8 9 10 7 11 5 -64 0 8 -5 6 2 5 6 5 8 6 9 -64 0 -8 -5 8 -5 -64 -64/
185 -12 12 7 -11 6 -10 7 -9 8 -10 8 -11 6 -12 -64 0 10 -12 3 -12 0 -11 -2 -9 -3 -7 -4 -4 -5 0 -7 9 -8 13 -9 15 -64 0 3 -12 1 -11 -1 -9 -2 -7 -3 -4 -5 5 -6 9 -7 12 -8 14 -9 15 -11 16 -13 16 -14 15 -14 14 -13 13 -12 14 -13 15 -64 0 9 -12 5 2 4 6 4 8 5 9 8 9 10 7 11 5 -64 0 10 -12 6 2 5 6 5 8 6 9 -64 0 -8 -5 7 -5 -64 -64/
186 -18 17 2 -11 1 -10 2 -9 3 -10 2 -11 0 -12 -3 -12 -6 -11 -8 -9 -9 -7 -10 -4 -11 0 -13 9 -14 13 -15 15 -64 0 -3 -12 -5 -11 -7 -9 -8 -7 -9 -4 -11 5 -12 9 -13 12 -14 14 -15 15 -17 16 -19 16 -20 15 -20 14 -19 13 -18 14 -19 15 -64 0 14 -11 13 -10 14 -9 15 -10 14 -11 11 -12 8 -12 5 -11 3 -9 2 -7 1 -4 0 0 -2 9 -3 13 -4 15 -64 0 8 -12 6 -11 4 -9 3 -7 2 -4 0 5 -1 9 -2 12 -3 14 -4 15 -6 16 -8 16 -9 15 -9 14 -8 13 -7 14 -8 15 -64 0 12 -5 10 2 9 6 9 8 10 9 13 9 15 7 16 5 -64 0 13 -5 11 2 10 6 10 8 11 9 -64 0 -14 -5 13 -5 -64 -64/
187 -18 17 2 -11 1 -10 2 -9 3 -10 2 -11 0 -12 -3 -12 -6 -11 -8 -9 -9 -7 -10 -4 -11 0 -13 9 -14 13 -15 15 -64 0 -3 -12 -5 -11 -7 -9 -8 -7 -9 -4 -11 5 -12 9 -13 12 -14 14 -15 15 -17 16 -19 16 -20 15 -20 14 -19 13 -18 14 -19 15 -64 0 12 -11 11 -10 12 -9 13 -10 13 -11 11 -12 -64 0 15 -12 8 -12 5 -11 3 -9 2 -7 1 -4 0 0 -2 9 -3 13 -4 15 -64 0 8 -12 6 -11 4 -9 3 -7 2 -4 0 5 -1 9 -2 12 -3 14 -4 15 -6 16 -8 16 -9 15 -9 14 -8 13 -7 14 -8 15 -64 0 14 -12 10 2 9 6 9 8 10 9 13 9 15 7 16 5 -64 0 15 -12 11 2 10 6 10 8 11 9 -64 0 -14 -5 12 -5 -64 -64/
